"DPM";"RSP";"OT";"CT";"Engj";"SMc";"Temp";"Ncapac";"CargH";"Saud";"MLibExp";"MRealProf"
1;2.9;NA;3;4.588235294;2;1.441625097;-1.081451253;1.689699616;2.008736858;NA;4.77777777777778
0;1.9;2.454545455;1.5;5.352941176;3;0.024738624;1.190144576;1.019244834;-1.900333097;5.75;5.66666666666667
1;1.9;3.454545455;2.5;5.058823529;3;0.391154026;-0.770326284;0.705657219;0.241319048;4.625;5.33333333333333
0;2.3;2.818181818;NA;4.117647059;2;0.37328043;-0.679761431;0.554566068;0.176841064;1.5;1.33333333333333
1;2.4;3.727272727;1.9;3.411764706;2;0.966352466;-0.520631779;0.071993571;1.351078648;3.875;3.33333333333333
0;2.5;1.727272727;1.4;5.294117647;3;-0.074061442;-0.969588239;0.547277629;-0.39448163;0;0
1;2.1;1.545454545;1.2;3.235294118;1;1.348669193;0.32195769;-1.655143137;1.983498401;0.625;0.888888888888889
0;2.2;2.090909091;1.8;5.235294118;2;-0.178876086;-0.401342558;1.29780083;-0.249096204;6;6
1;5.5;4.909090909;3.2;1.823529412;1;0.299155381;0.838368721;0.004651994;2.501635465;4.5;3.33333333333333
1;4.7;2.909090909;2.5;2.764705882;2;-1.342481717;-0.042994269;-0.312567155;0.621755533;2.5;3.77777777777778
1;3.6;3.909090909;1.6;1.176470588;2;-0.761822579;-0.894650454;0.423522117;-1.60758922;3;2.11111111111111
1;4.3;4.636363636;3;3.294117647;2;-0.937731502;-0.650213921;0.825474122;-0.837276205;4;2.11111111111111
0;2.3;2.909090909;NA;4.529411765;3;0.428622339;-0.934553112;0.90867125;-1.063365743;4.75;4.55555555555556
1;4.3;3.636363636;3.2;4.764705882;2;-1.004968649;-0.819095969;0.705056621;0.516744395;1;3.55555555555556
1;4.3;3.545454545;3.3;1.294117647;1;-0.705144187;-0.314039781;-1.958814527;0.846495862;1.875;0.111111111111111
1;2.4;2.636363636;2;2.647058824;2;0.458058324;-1.010194557;-0.466451482;1.644746326;NA;4.11111111111111
0;3.7;3.818181818;3.1;5.058823529;2;-0.05412229;-1.436611912;0.339493897;-0.531606271;2.125;4.55555555555556
1;5.1;4.181818182;1;1.117647059;2;-0.097762914;1.557606478;-0.351411395;0.272905012;0.375;0.444444444444444
1;NA;1.818181818;1.8;3;1;0.92848316;-1.350609898;1.124900781;1.928726019;0.75;0.777777777777778
0;3.1;3.272727273;2.4;4.352941176;2;-1.004836448;0.764078459;0.455945738;0.3658991;6;5.77777777777778
1;3.9;4.545454545;2;3.588235294;2;1.463796217;-1.226898808;0.936794997;0.341770746;3.25;4.11111111111111
0;2.7;3.636363636;3.7;4.882352941;2;-0.268181505;0.908847796;-0.992304521;-0.01846835;2.5;3.55555555555556
1;4.4;3.363636364;1.5;2.823529412;2;-0.862683128;-0.65770709;-1.140476537;1.319909072;4.75;2.44444444444444
1;4.3;3.636363636;3.6;1.235294118;3;2.00883941;0.12818527;-1.531485483;2.603930542;0.625;0.111111111111111
1;4.1;4.181818182;2.6;3.176470588;1;0.201454082;1.297063994;1.040993271;-0.186922509;4;0.111111111111111
1;3.6;3.545454545;NA;4.470588235;2;0.602421616;1.210010303;-1.034736745;1.693593754;2;NA
0;3;3.272727273;2.5;4.588235294;2;1.690685904;1.234124842;-0.404279813;-0.804389476;4.375;3.44444444444444
1;3.4;4;2.1;3.941176471;2;-0.115044596;1.292191849;-0.261058393;-0.915647472;3;2.66666666666667
1;4;2.727272727;2.3;4.470588235;2;-1.014282172;0.750903056;0.655361236;0.303351136;0.375;4.88888888888889
1;1.7;2.363636364;1.3;0.941176471;3;-1.168519044;1.37595977;0.404217583;-0.812805782;5.25;3.55555555555556
1;4.5;3.545454545;1.7;4.823529412;2;-1.537913732;0.832846938;-0.224554238;0.281650609;1.375;6
1;2;2.363636364;1.5;1.705882353;1;0.435336751;-0.027989044;-1.973890391;-0.993837603;4.875;2.22222222222222
1;2.5;3.090909091;2.6;1.176470588;1;-1.322492185;0.376582889;0.3797162;1.278189205;4.25;0.666666666666667
0;3.5;3.636363636;2.5;4.235294118;2;-1.083817412;0.598587014;0.159463777;-0.563879764;3;3.11111111111111
0;2.8;2.727272727;2.3;5.352941176;3;0.921793099;-1.129150593;-1.993928194;-1.523129502;3.5;4.33333333333333
1;3.5;3.363636364;1;1.823529412;1;-1.365398694;0.03337614;-0.538067668;-0.99752817;2.5;0.666666666666667
0;3.2;3.363636364;3.7;5.294117647;2;1.482762045;-1.042001453;0.656342195;-1.430185194;2.5;2.77777777777778
1;4.8;3.636363636;3.3;4;2;-0.401515371;0.585500278;0.196794071;0.982429343;3;1.88888888888889
1;2.5;2.909090909;1.4;5.117647059;3;1.128718707;1.494835847;0.905317745;0.03401104;6;6
1;4.4;4.181818182;1.3;5.058823529;1;0.472302245;-0.622148076;0.341261256;-1.623629812;3.75;4.66666666666667
0;2.3;2.363636364;1.1;5.470588235;3;0.864209261;0.161456752;-2.212695034;-0.773059471;3.5;5.22222222222222
1;1.7;3.363636364;1.4;5.529411765;2;1.123084099;2.178799301;0.758192506;2.749728771;6;6
0;1.3;2.363636364;1;5.529411765;3;-0.082588964;-1.30905774;1.047618029;-0.546675193;6;6
1;3.1;3.909090909;1.4;4.470588235;2;-0.718511064;-0.674682194;0.359381184;-0.539933053;3.5;3.88888888888889
0;4;3.636363636;2.7;4.411764706;2;-0.17706366;-1.019845474;-1.812068802;-0.425437252;1.25;4.11111111111111
0;1.2;2;1.1;5.941176471;3;0.703609774;-0.38805935;0.17599445;-1.252314888;6;6
0;3.2;3.545454545;2.6;5.529411765;3;2.401562337;-0.430347278;0.920682668;-1.641971315;4;4.77777777777778
1;4.7;4.545454545;3.8;3.764705882;2;-1.297205312;0.565435589;-0.14120036;0.471536892;0.5;0.666666666666667
1;3.1;2.909090909;2.2;4.529411765;2;-0.397143467;-0.307700456;-0.291888162;-1.081185808;1.75;0.222222222222222
1;3.2;2.727272727;2.3;4.529411765;2;0.937192668;-0.303890901;-1.759803568;-0.391388013;2.875;4.11111111111111
1;3.6;3.545454545;1.1;4.588235294;3;-0.854546507;0.275865664;1.35373447;1.198275991;6;3.22222222222222
1;4;4.181818182;3.5;5.294117647;3;0.279218993;-0.723397417;0.44642425;1.19272857;3.875;4.44444444444444
1;3.2;3.818181818;2.7;4.529411765;2;0.722693464;-0.469215196;-1.290489952;0.33029436;4.375;4.55555555555556
1;4.8;4.909090909;2.6;2.588235294;1;0.458634578;-0.076571566;-1.378076525;0.313729115;0.75;1.22222222222222
0;NA;3.090909091;3.2;5.058823529;2;-1.16920475;-0.294677633;0.565817482;-1.15212791;1.125;1.77777777777778
0;2.8;2.818181818;2;4.352941176;3;-0.343135143;1.159904796;1.098747393;1.062783335;5.5;6
0;2.5;2.909090909;1.4;5.411764706;3;0.531182586;0.48471149;-0.853554722;0.128164898;5.5;5.33333333333333
0;4.6;4.090909091;4.1;3.588235294;1;0.926304987;-0.810696921;1.210648616;1.005176075;1.75;3.22222222222222
0;3.6;4;3.5;5.176470588;2;-0.178489582;-0.901683287;0.269293906;-0.785911471;4.375;4.77777777777778
0;NA;NA;1.2;NA;2;2.189133356;-0.091052693;1.403738831;-0.735868925;5.125;6
0;3.4;3.272727273;1.9;5.352941176;3;1.219199374;-0.550401943;-0.25600635;-0.800675433;5.625;5.88888888888889
0;2.4;2.454545455;1.6;4.705882353;2;-0.757026765;0.99330251;0.481235362;-1.478215309;3;2.55555555555556
1;2.3;3.181818182;1;4.882352941;2;-1.008053059;-0.861154026;0.827148377;1.736060955;4.25;4.22222222222222
0;2.4;2.272727273;1.2;3.882352941;2;0.875903555;-0.253613605;1.296179092;-0.826308483;4.25;4.44444444444444
1;4.2;4.272727273;3;4.647058824;2;1.715156852;-0.937364594;1.310820883;0.883212238;1.75;NA
0;2.6;3.272727273;2.4;4.941176471;3;-1.045453087;-0.729873511;-0.298628133;1.720250811;5.75;NA
1;3.3;3.636363636;3.2;2.352941176;2;0.342312179;1.898760049;1.387322721;1.778849963;3;2.22222222222222
0;3.4;2.545454545;2.4;5.176470588;2;-0.399334952;1.61603106;-0.863810662;1.755685004;6;4.88888888888889
1;4.5;3.181818182;2.1;5.411764706;2;0.519744921;-0.240212198;-0.339514961;1.024043817;3.25;5.22222222222222
0;2.8;3.272727273;1.6;3.647058824;2;-0.546558542;0.545366686;-0.442757363;0.242006076;3.625;4
1;3.6;3.272727273;2.8;3.588235294;1;1.126834748;0.066716699;-0.037724062;1.552925005;3.125;3
0;4.2;2.909090909;4.1;3.411764706;2;-1.410816974;-0.966232484;0.176180574;1.192887314;4.875;4.44444444444444
1;2.1;2.909090909;2;4.941176471;2;0.590844001;1.550381343;-0.076070244;-0.450104584;5.25;3.66666666666667
1;3.8;3.454545455;2;1.705882353;2;-0.106707011;-1.859340343;-1.086125759;1.354795467;1.75;1.77777777777778
0;2.5;3.181818182;1.8;4.764705882;2;1.442262907;1.19573483;-1.593508734;-0.84972483;3.75;4.88888888888889
1;4.9;4.909090909;4.1;1.705882353;1;-1.502415912;-1.400387554;0.129964239;0.519959263;0.5;1.22222222222222
1;3.6;3.454545455;2.9;4.882352941;2;0.732303346;-1.340070599;0.922889617;-0.141450063;0.75;1.66666666666667
1;4.5;3.727272727;1.2;2.352941176;1;-0.595360316;1.984579172;0.814920971;-1.049647847;0.5;0.444444444444444
0;2.3;3.363636364;2.1;4.529411765;3;-0.661612368;-1.06313549;0.351649222;1.072225937;5.625;5.88888888888889
0;2.7;3.454545455;1.1;NA;3;-1.008431937;-1.595626737;0.253590607;1.908540022;5.75;6
0;3;NA;2;4.588235294;2;0.282580618;-0.340904665;0.863416126;-1.004955296;4.375;3.88888888888889
1;2.2;NA;1;2.352941176;2;-0.741002853;1.556030218;0.634742351;1.023867613;3.5;2.77777777777778
0;3.1;3.272727273;1.2;4.882352941;3;1.155423205;0.074502882;1.822826479;-0.45447979;0.25;2.66666666666667
0;4.3;NA;1.1;4.764705882;2;-0.02346296;-0.451444565;0.492553694;-0.920322631;1.125;1.11111111111111
1;5;4.454545455;2.4;1.941176471;1;-0.864520359;-0.951815333;0.372072459;-1.656921678;0.375;1.88888888888889
1;3.6;4.272727273;2.4;2.588235294;1;-1.1717094;-0.86503236;0.410257704;1.883808882;2.25;2.88888888888889
1;3.2;4;2.7;3.705882353;2;1.404084907;1.748999794;0.624993678;1.675326845;2.625;4.22222222222222
NA;3.9;NA;4.6;2.823529412;1;-0.951400404;1.042656013;0.570570175;1.160758268;3;3.33333333333333
0;1.4;3.090909091;2.3;5.235294118;3;-0.138971556;-0.69870127;-1.832570285;-1.494918231;5.125;6
1;4.6;4.090909091;2.9;3.764705882;2;-0.275438911;1.044801689;0.25864992;1.270951959;1.75;2.44444444444444
1;5.3;4.909090909;3.1;1;2;1.236562537;1.008102753;-0.441598502;-1.587159715;1.25;0.444444444444444
0;1.7;2.909090909;1;5.882352941;3;0.959250622;-0.476131869;0.042632695;-0.692112507;6;6
0;3.5;3.636363636;3.7;3.705882353;2;-1.069919241;-0.270844875;0.551605473;-0.095952663;3.75;3.33333333333333
1;4.6;4;2.6;4.941176471;3;0.537402577;-1.199842198;-0.316252648;0.278164937;1.875;1.88888888888889
1;3.3;3.545454545;1.3;4.352941176;2;-0.396689586;0.77532267;2.487041255;0.449190798;3.625;3.77777777777778
0;2.6;3.272727273;2.5;4.764705882;3;0.232629949;-0.47717617;-1.329852141;-0.013012503;4.375;4.55555555555556
1;2.3;3.727272727;1.9;1.647058824;1;-0.733877216;-0.36879327;-0.036488833;-0.756735352;5.25;1.33333333333333
0;3.4;3.545454545;4;2.823529412;2;-0.337250479;0.671510832;1.414931778;0.224453665;1.75;NA
0;2.5;3.545454545;2.9;5.294117647;2;0.483445745;1.693456409;0.345803855;0.414097627;5.5;5.22222222222222
1;3;4.363636364;2.7;3.764705882;2;-0.495110255;-0.717425438;-0.65999252;-0.378522368;3.5;2.77777777777778
1;4.5;4.818181818;1.8;5;3;1.268542923;-0.840826922;0.01261182;-0.775165479;2.375;1.88888888888889
0;4.9;3.727272727;2.9;4.823529412;2;0.429695649;-0.563115349;-0.173086035;-0.411422295;1.25;2.88888888888889
0;2.9;2.818181818;2.4;4.647058824;3;2.780826405;-0.750375241;0.41195491;-1.372422271;NA;5.77777777777778
1;3.8;4.272727273;2.9;4.882352941;2;-1.21111381;-1.116126684;0.90963042;0.257727894;2.5;2.66666666666667
0;1.6;2.454545455;1;5.411764706;3;0.582028397;-1.40125048;-2.725816132;0.248693217;1.625;1.44444444444444
1;3.3;3.636363636;3.2;3.235294118;3;-0.800810771;2.095151797;-0.211478308;-1.107774267;2.25;2.55555555555556
1;2.1;2.727272727;1.2;4.352941176;3;0.05675407;-0.477674052;-0.030179941;-1.519526234;5.375;4.44444444444444
1;4.5;4.090909091;2.6;1.647058824;2;0.330285477;-0.795735701;1.209840654;-0.642161105;4.625;1.33333333333333
1;3.3;4.090909091;2.6;5.470588235;3;-0.623980651;1.286703933;0.991565611;-0.697650538;3.125;5
1;2.7;3.181818182;2;3.764705882;2;-0.286172192;-0.662911551;0.9270929;-0.0645605;3.625;1.77777777777778
1;5.1;4.363636364;3.7;2.823529412;2;-0.058544107;2.107107112;1.110117931;-0.388503362;NA;1.44444444444444
0;3.7;3.272727273;2.3;3.764705882;3;-0.538488713;1.784535892;0.079645967;1.049067362;1;1
0;5.2;3;2.6;4.235294118;3;1.763301941;-0.643269932;0.511305356;-1.473422989;2.125;2.66666666666667
1;1.3;2.363636364;1.1;3.411764706;1;-0.903946534;1.36235938;-0.622520392;-0.368153719;4.875;2.55555555555556
0;3.6;3.545454545;3.2;1.647058824;3;-0.448003421;2.88410988;0.962614932;-0.29428614;1.875;1.55555555555556
0;2.9;4.181818182;2.3;4.411764706;2;0.140140147;-1.366507907;0.826857968;1.456114972;3.625;2.88888888888889
1;3.7;4.363636364;3.7;3.882352941;1;-1.339423188;-1.394231153;-0.459174575;-0.11645575;2.5;1.22222222222222
1;3.8;4.090909091;1.2;5.588235294;3;-0.932662458;0.479860766;-1.189190242;1.278317718;4.625;5.44444444444444
1;2;2.181818182;1.2;4.705882353;1;0.615690879;-0.151933993;0.654168466;-0.218182058;1.625;1
0;1.7;4.090909091;2.1;5.764705882;2;-0.253260734;-0.171377464;-0.378976997;-0.853163372;5.5;6
0;3.7;2.363636364;1.4;5.294117647;3;0.00198876;-1.273726842;0.709098522;0.269934962;NA;NA
1;4;4.181818182;4.4;2.117647059;2;0.608799964;-0.097148124;-1.615447321;-0.624506575;3.625;1.88888888888889
1;3.8;3.545454545;2.8;2.235294118;1;0.818706719;-0.537712672;-0.047972847;-0.721951942;3.875;2.66666666666667
1;2.8;3.636363636;1.9;4.176470588;2;0.585944773;0.633319645;-0.153809421;-0.507642155;3.5;3.55555555555556
0;2.9;2.636363636;3.4;3.352941176;2;0.459432001;-0.16681561;1.316298208;0.886214732;2.375;3.33333333333333
1;4.8;4.727272727;4.2;3;1;-0.610233668;-0.693946224;0.619717882;-0.29310125;2.375;2.11111111111111
0;2.5;2.727272727;2;4.588235294;3;-1.02442859;-0.709447946;0.384610668;-1.080937625;5.25;5.44444444444444
1;4.4;4.454545455;2.8;2.705882353;2;-0.243803682;1.095945371;-1.156648182;-0.245586778;0.5;1.11111111111111
0;4.6;3.545454545;3.5;4.529411765;3;-0.64825851;-1.39219087;0.261070147;-0.653291233;1.5;3.77777777777778
NA;2.7;3;NA;2.823529412;1;-0.370713723;-0.31054966;-1.890619273;-0.686572866;0.125;2.33333333333333
0;NA;3.818181818;1.2;3;2;-0.923606111;0.012017834;0.683155972;0.057142513;4;2.55555555555556
1;3.2;3.272727273;2.5;2.411764706;2;-0.057474975;1.938510853;0.42379929;-1.076450693;1.5;2.44444444444444
1;3.9;3.545454545;1.5;4.176470588;2;0.136639796;1.235189362;1.787571798;0.797115175;1.125;3.22222222222222
0;1.7;2;1.1;5.294117647;3;-0.830322973;1.66601299;-0.275243543;-0.956939995;4.25;6
1;2.4;3.727272727;2.6;5.294117647;3;0.36535337;-0.851918138;-0.19285595;-0.816638164;NA;NA
1;3.3;3.090909091;2.2;2.588235294;2;1.711574342;-0.865599507;1.210727006;0.567904373;5;4
0;4.2;2.454545455;1.7;4.705882353;3;1.081748408;-0.626979057;-0.9412542;-1.309663087;1.75;2.11111111111111
1;2.9;4;3.2;4.411764706;1;-1.160393318;-0.254138264;-1.460315375;-0.43872874;3.5;2.44444444444444
1;2;3;1.6;4.647058824;2;0.245960465;-0.787706434;-1.06783162;2.900620519;5.25;5.44444444444444
0;3.8;3;2.2;4.941176471;3;0.316105189;-1.481631739;0.13850647;-1.077109459;3.5;2.66666666666667
1;2.5;3;2;3.882352941;2;-1.077215614;0.948759316;1.200806376;1.62012662;5.25;4
0;2.9;3.090909091;2.4;5.764705882;3;-1.178251103;-1.298411817;0.50107592;0.508246104;5.75;5.33333333333333
1;3.4;4.363636364;2.6;3.705882353;2;-0.414020719;-0.734181173;0.012011138;0.078898237;3.5;4.22222222222222
1;3.3;4.636363636;3.4;4.470588235;2;-1.007457075;1.632167302;1.181148423;-0.096091616;2;3.44444444444444
1;4.4;4.909090909;3;5.647058824;2;-0.740407826;-0.326000644;-2.359510651;-1.41519264;1;0.777777777777778
0;2.7;3.090909091;1.9;2.647058824;2;0.571597645;-1.111521918;-2.494702093;-1.471416912;4.25;0.666666666666667
1;3.5;3.090909091;3.7;3.705882353;2;1.849707781;1.171182555;0.125588626;-1.302677093;4.75;2
1;4.6;3.363636364;3.7;2.941176471;2;0.002471406;-0.766624301;0.228838824;0.168988153;0.75;1.55555555555556
1;2;2.363636364;1.4;5.176470588;3;0.620820666;0.755292855;0.246851793;-0.674919954;5.125;3
1;4;3;3.2;3.411764706;3;-0.333694659;0.765038502;0.470862313;-0.990227972;2.25;4.11111111111111
1;2.7;3.454545455;1.3;3.058823529;2;-0.202614817;-0.781213193;-0.108886144;-1.402782881;5.5;4.33333333333333
0;3.1;4.090909091;2.1;5.117647059;3;-1.03555572;-1.198805098;-0.383581512;-1.612188194;6;6
0;3.9;3.636363636;2.9;5.588235294;3;1.37709072;-0.097098056;-2.143700908;0.76111746;5;6
1;4.6;4.181818182;3.1;2;1;-0.952397655;-0.181810553;-0.642867494;2.848701635;1;0
0;2.7;3.090909091;2.7;4.176470588;2;-0.46449498;-0.481924104;0.477195364;0.284859154;4.375;4.33333333333333
0;3.1;2.909090909;2.3;4.647058824;2;1.20535825;-1.175546014;-0.294970301;-1.388161116;4.625;5.33333333333333
0;2.2;3;2.2;5.058823529;3;0.907885991;-0.63950185;-0.016949222;-1.07571116;4.75;5.77777777777778
0;2;2.909090909;1.7;5.411764706;3;1.277126535;-0.580227293;-2.057839268;-1.430499749;5.25;5.66666666666667
1;5;4.454545455;4.4;2.882352941;2;0.463238447;-1.584027017;-0.584029054;0.360927075;4.625;3.66666666666667
1;3.8;2.727272727;1.3;4.235294118;3;-1.078419125;-1.249213814;-0.82842372;-0.160060869;3.75;5.11111111111111
1;3.2;3.727272727;1.4;5.823529412;3;1.224956253;-0.955219392;-0.521667388;-1.485974374;6;6
0;4.6;4.090909091;NA;3.411764706;2;-0.539293662;-0.59805304;-1.081835031;0.582324456;2;1.88888888888889
NA;2.7;3.363636364;3.1;3.882352941;2;1.532730464;-0.732067515;-0.247101599;-1.34526258;6;6
1;4.6;4;2.3;4.941176471;3;-0.13029561;0.813149067;0.140212272;0.783237162;4.375;4
1;3;3.636363636;2.2;3.588235294;1;-0.921719467;-0.606816515;1.035225625;0.539458646;1.75;0.777777777777778
1;4;3.272727273;2.5;4.764705882;2;-1.585087094;1.762226591;0.906615704;-0.728516706;3.125;3
1;2.8;4;2.7;3.764705882;2;0.301252713;1.641525597;0.960614163;0.825104661;3.625;2.77777777777778
1;3.9;3.090909091;1.6;4.941176471;3;-0.178945842;-0.16832262;-1.603323512;0.176958208;4.375;4.33333333333333
1;2.2;3.181818182;1.6;4.588235294;2;0.042629718;-0.654055925;-0.4059612;-0.852941293;4.75;5.44444444444444
1;3.8;3.454545455;1.5;3.823529412;2;-0.236152355;-0.045807065;-0.673901622;0.59464932;2.75;4.44444444444444
0;2.2;2.090909091;1.7;5.647058824;3;0.808296821;0.115828632;-0.653291275;-0.335645803;5.125;6
0;NA;3.090909091;2.4;4.764705882;2;0.019523373;-0.592609681;0.552895525;-1.030008709;2.375;4
1;3.4;3.818181818;2.2;3.176470588;2;0.184618615;-0.562995415;0.968842269;0.309046132;3;1
1;5.2;4.545454545;4.3;2.058823529;1;-0.339556054;-0.985731119;0.891715444;1.419318057;1;2.33333333333333
0;2.9;3;2.6;4.352941176;2;-1.141911945;-0.590223268;-1.625706309;-0.569356937;5.125;5.22222222222222
0;2.5;3.727272727;2.1;5.058823529;2;-2.581746417;-2.595080299;-2.269594333;-2.28068848;4.375;5.11111111111111
1;3.3;4.272727273;4;3.764705882;2;-0.303376161;-0.282244262;-0.128578715;1.202829318;4.125;3.33333333333333
1;4.8;2.727272727;1.2;4.470588235;1;-0.443541365;0.448081655;-0.480849242;1.465750192;1.375;2.77777777777778
0;2.9;3.727272727;3.6;2.588235294;3;-0.671177837;-0.431904205;-0.144103158;-1.119680701;5.875;6
0;2.9;2.272727273;2;4.941176471;3;1.501180282;0.911577393;0.874081575;-0.719913091;5.125;5.66666666666667
0;1.7;3.181818182;1.1;4.588235294;2;1.300468636;-0.621530086;0.226434533;-1.835138165;5.625;6
0;2.3;2.363636364;1.1;5.529411765;3;0.845797375;0.044333061;-0.135996594;-0.75144941;3.75;6
1;1.7;2.090909091;1;2.764705882;2;-1.57722222;0.964892849;-0.486311006;0.345177199;5.625;5.44444444444444
0;2.6;3.090909091;1.5;5.294117647;3;1.641317254;-0.19862263;0.807810798;-0.082296675;6;6
0;2.8;3.727272727;1.2;5.352941176;3;0.023706483;-0.78224418;0.952901906;0.073641225;6;6
1;3.6;4;2.5;3.117647059;2;-0.069125611;-0.366477666;1.042821726;-1.036250219;1.625;2.66666666666667
0;2.2;2.363636364;1.7;5.529411765;3;1.831026811;1.187895037;-0.595084352;1.125742432;6;5.33333333333333
0;2.9;3.181818182;2;4.588235294;3;0.818496467;0.234651012;0.545018023;-1.881522051;2.75;4
0;1.1;1.727272727;1;5.882352941;2;-1.709693459;0.66864765;0.438031772;-0.183452613;5;6
1;3.9;4.090909091;2.9;3.411764706;2;0.362881565;0.929733985;-0.241087225;-0.31506398;2;0.666666666666667
1;4.3;3.818181818;2.4;2.647058824;2;1.372042215;1.282286637;1.622826536;-1.099083886;3;3.11111111111111
1;3.1;3.727272727;2.1;4.411764706;2;0.588950985;0.712280321;-1.515463966;-1.507217187;4.75;4.11111111111111
1;2.9;3.545454545;3.3;2.764705882;1;0.049460295;-0.748090352;1.013202075;-0.494818185;6;5.33333333333333
1;2.1;3.272727273;1.5;4.058823529;2;0.603866279;-0.289707648;0.254964637;0.871926751;3.125;4.66666666666667
1;3.7;3.090909091;2.3;5.294117647;3;-0.377397755;1.855392676;0.975046167;-0.713756265;3.625;5.22222222222222
1;3.8;2.909090909;2.8;3.352941176;2;-0.346811957;0.210987781;1.024765465;-1.20774766;4.875;3.44444444444444
1;3;3.090909091;2.9;5;3;0.983951579;-0.975489714;0.901823225;0.828199131;4;5.33333333333333
1;3.6;3.727272727;1.9;2.882352941;1;0.344188921;0.998410474;0.74864601;1.832079994;4.375;2.77777777777778
1;2.7;3.545454545;1.9;4.588235294;1;-0.213831502;-0.787347231;0.775803708;1.202463236;5.125;4
1;2.8;3.909090909;2.1;5;3;-1.348930111;0.196548401;0.619111159;0.213079554;6;5.11111111111111
0;2.2;3.272727273;2.2;5.705882353;2;2.804827415;-0.482545965;-0.928788045;-1.200536251;0.75;2.44444444444444
1;2.6;3.090909091;2.1;3.882352941;2;-0.259595366;0.997235526;-0.671139085;-0.038516737;5.125;4.77777777777778
1;3.7;3.636363636;2.1;3.352941176;1;1.4036786;-0.56063978;0.306912448;0.245293616;2.25;1.22222222222222
1;2.5;3.181818182;2.4;3.411764706;2;-0.491062722;0.722618443;-0.1276065;1.373851627;4.5;2.22222222222222
0;2.4;2.272727273;1.2;5.352941176;3;-0.083880903;-0.809573976;-0.889679433;0.471454284;2.25;0
1;4.8;3.818181818;2.9;4.941176471;2;1.082653158;-1.079316279;1.332545895;1.601071824;1.375;NA
0;2.8;2.636363636;2.7;4.176470588;3;1.133592819;-0.381312533;0.455661557;0.819668456;5.25;4.44444444444444
1;3;3;1.5;4.882352941;1;0.493890677;-0.801856515;-1.080902289;0.109935806;2.125;3.44444444444444
1;3.8;4.636363636;2.5;3.764705882;1;-0.7832899;-1.314862216;-0.181648787;1.088465761;1.875;0.777777777777778
0;4.1;3.727272727;3.3;4.647058824;2;0.961624125;-0.685456998;-0.185306566;-1.125175002;3.375;4.22222222222222
0;4;3.363636364;4.4;3.588235294;2;1.745793016;-1.016830815;-0.363194597;0.805718184;2.75;2.77777777777778
1;2.2;1.909090909;1.9;4.058823529;2;1.672267265;-0.454863137;-2.696315766;-0.528256195;5.125;5.22222222222222
1;4.4;4.454545455;3.8;3.294117647;2;0.300034941;-0.206845661;-1.388232952;-0.880013256;2.625;1.44444444444444
0;3.4;NA;2.2;5.588235294;3;-0.595606292;-1.170944059;0.645875885;0.613251192;4.875;NA
0;2.7;2;1.8;5.764705882;3;1.497344714;-0.52764562;-2.366690633;-1.169930677;5;5.66666666666667
0;3.6;3.818181818;2.9;4.117647059;2;0.16257872;-1.15007344;-1.010259816;-1.924712174;3.25;4.22222222222222
1;2.9;3.363636364;2.6;3.764705882;2;-1.107041425;-0.598821924;-0.176187828;0.214919717;6;6
0;1.6;2.363636364;1.9;5.411764706;3;0.443183539;1.681076537;-0.276489528;-0.824765266;5.75;5.44444444444444
1;4.3;3.818181818;2.4;3.647058824;1;1.625490722;0.779531326;0.656980804;-1.09399448;1.125;1.11111111111111
1;2;2.909090909;2.5;5;2;-0.854847017;0.249546914;-0.090746222;-0.947273365;6;6
1;4.1;3.727272727;1.9;4.882352941;3;-1.225614789;0.843858333;0.708374571;-0.557669458;3.25;4.44444444444444
1;3.5;3.818181818;1.8;4.470588235;2;0.428738798;1.636039852;0.807795354;0.441436303;4;2.11111111111111
0;5.2;4.272727273;2.8;3.176470588;2;-1.224393762;-1.417080212;-5.386040345;-1.983721972;2.25;2.11111111111111
1;3.9;4.363636364;2.4;4.117647059;1;-0.746150276;0.013299549;-0.422444081;0.437005309;2.25;0.555555555555556
1;3.2;3;1.7;4.647058824;2;-1.211534822;-0.490295594;-0.51496046;0.800916463;4.25;5.11111111111111
1;4.5;3.909090909;2.4;1.882352941;2;-1.298995793;1.06248614;-0.83515414;-0.232509905;2.875;0.555555555555556
1;4.3;3.090909091;NA;0.941176471;1;-0.84851321;1.384647802;0.641012555;-0.596104494;1.375;0.777777777777778
1;4.4;2.818181818;2.6;1.176470588;2;-0.022122345;1.293958831;0.092662829;-0.477167011;3.25;0.222222222222222
0;2.6;2.909090909;1;5.882352941;3;0.396179964;-1.168955511;-0.829737797;-0.667824033;5.875;5.66666666666667
1;4.2;4.272727273;4.6;4.176470588;1;2.443749534;0.097582133;1.648898162;-0.049177491;2.75;2.33333333333333
1;5;4.272727273;1.9;0.882352941;1;-1.203754755;0.711539132;-0.435867517;-0.960373757;2.25;0.333333333333333
0;1.4;2.636363636;1.7;4.647058824;3;-1.029030623;1.435281345;1.118981398;0.537608091;6;6
0;1.5;1.363636364;1;5.470588235;3;2.407970634;-0.575846981;0.101077483;2.358332366;6;6
0;3;2.545454545;2.4;4.823529412;2;0.474073904;1.044994842;0.93246009;-1.244002512;4.375;4.55555555555556
1;4.6;2.909090909;2.6;2.176470588;2;-1.446092362;1.499408861;1.119694378;0.264946948;1;1.11111111111111
1;4.6;4;2.5;2.294117647;2;0.344668111;1.419470449;0.402875122;-0.682355964;2.875;1.33333333333333
1;1.8;1.636363636;2.2;2.294117647;2;-0.814104083;2.604560264;0.25512551;-0.847836856;2.5;4.77777777777778
1;3.7;3.545454545;2;5.882352941;2;-0.036704156;1.090813276;0.158200454;-0.725145211;2.125;3.77777777777778
1;NA;1.909090909;1;4.647058824;2;2.61105785;-0.950663834;-1.508508998;0.583785314;4.5;4.77777777777778
1;3.5;4;1.4;3.294117647;1;-0.232437251;-1.082983443;0.61464881;-1.630570759;4.375;2.44444444444444
1;4.7;4.636363636;4.2;2.823529412;1;-0.884866516;-0.507630987;-0.587665716;1.091703786;0;0
1;3.7;2.545454545;4;2.176470588;2;-1.021319462;1.419248091;0.102497018;-0.625211103;2;0.666666666666667
1;3.2;3.545454545;2.7;3.352941176;2;0.366504578;-1.154926556;0.40534577;0.309680139;2.75;3.33333333333333
0;NA;NA;NA;4;2;1.117117394;-0.277415712;0.694381647;-0.193506696;NA;NA
1;2.9;3.454545455;1.6;4.529411765;1;0.065225213;2.094011259;-0.181305946;1.04379839;1.375;2
1;2;3.454545455;3.1;4.764705882;1;-1.447624996;-1.363791449;0.394809203;-0.368176051;5.125;2.77777777777778
0;2.8;3.363636364;1.1;5.058823529;2;0.003628389;-0.862140233;0.915531054;0.04769367;4.5;5.11111111111111
0;1.9;2.818181818;1.2;5.647058824;3;-1.028755889;0.620764636;-0.503162135;-1.419149286;5.75;6
0;1.7;2;2.6;4.529411765;3;0.462808164;1.01941455;1.322151551;-0.036557839;6;6
1;3.2;3;2.5;3.647058824;2;0.777080862;0.253026444;0.433255752;1.321327291;4;3
1;3.7;3.363636364;2.6;3.764705882;1;-1.186105165;-0.381940805;0.192478624;1.409777198;1.875;4
0;4.9;4.181818182;2.3;4.470588235;3;-0.588334316;-1.579216982;-0.306266608;-1.234697595;0.125;0
1;2.4;3.727272727;3;4.235294118;2;-0.958647033;-1.141433648;0.428940068;1.075069862;6;3.77777777777778
1;4;4.272727273;3.2;2.941176471;2;0.49796614;1.152781398;-0.349194365;0.831959474;3;2.33333333333333
1;3.7;3.545454545;2.4;4.411764706;3;1.218800678;-0.399558534;0.54846993;-0.713968004;3.5;3.33333333333333
0;2.8;3.181818182;1.6;5.470588235;3;0.514783727;-0.37084367;0.595977013;-0.475628188;4.375;5.55555555555556
1;2.3;2.454545455;1.2;5.764705882;3;-1.08739663;0.768716259;0.077816738;0.524663499;5.25;5.77777777777778
0;2.5;2.636363636;2.1;4.117647059;2;0.591087391;1.251692483;-0.127824864;-0.461778118;5.125;5.55555555555556
1;5.2;3.727272727;3.7;3.588235294;2;-1.263790894;1.188964651;1.826460006;-1.066000641;1.25;2.11111111111111
1;3.4;3.636363636;1.6;3.647058824;2;-0.349257084;1.096242527;-0.120554075;0.233674168;2.5;2.44444444444444
1;2.1;1.181818182;3;3.352941176;3;0.695680188;0.964806299;-1.26515321;0.53002775;3.25;3.11111111111111
0;2.8;3.909090909;1.2;NA;2;-0.265917096;1.433369444;1.372077591;-0.423734469;4.25;NA
0;2.9;2.363636364;1;4.823529412;2;-1.444100593;1.297032575;0.109627568;-0.203753275;1.875;2.44444444444444
1;2.5;2.454545455;1.1;3.058823529;3;-1.166973389;1.555955589;0.709909507;1.337316908;5;4.22222222222222
0;2.3;2.909090909;1.2;4.294117647;2;-1.391378475;-0.924652244;0.751777118;0.278402317;4.875;3.88888888888889
0;3.7;4.090909091;4.2;4.588235294;2;-0.085397268;0.036723371;0.068973922;-1.280373128;4.875;4.88888888888889
1;1.6;2.454545455;1.4;4.882352941;2;0.186867596;1.202928016;-0.85422244;0.726002912;5;5.11111111111111
1;3.9;3.818181818;2.8;2.588235294;3;-0.159754128;-0.64496976;1.073074669;0.113613507;4.625;3.11111111111111
1;1.1;2.363636364;1;5.058823529;2;-0.829147185;1.763481766;0.301769029;-0.850616218;5.25;6
0;NA;2;2.3;5.176470588;3;-1.388148819;-0.120469531;-0.315088644;0.90018293;3.125;5.22222222222222
0;2.4;3.090909091;2.1;4.882352941;3;0.873737908;1.541020744;0.719302688;0.063060585;6;5.33333333333333
0;1.9;3.454545455;1.4;5.588235294;3;-0.53126009;-0.226551058;0.745162539;-0.210715649;5.875;6
0;1.9;3.545454545;3.6;5.411764706;2;-0.740247836;1.327645815;-1.446811526;-0.047159117;6;6
0;2.4;3.181818182;1.1;4.823529412;3;-0.631678916;-1.16027581;-0.1934587;-1.428022591;4.625;6
1;2;3.090909091;1.4;5;2;-0.506486441;1.294233663;-0.938336839;-1.092120782;3.125;3.11111111111111
0;1.5;2;1;5.529411765;3;-0.270003663;0.130568538;-0.332371987;-0.835389089;3.75;4.88888888888889
1;2.6;4.545454545;4.4;4.176470588;3;3.10814758;-0.759701926;0.72325956;-0.571988006;6;6
0;3.2;3.363636364;2.1;5.823529412;3;0.384266181;-0.817522729;-0.436884841;-1.362276815;5.875;5.55555555555556
0;4.1;2.727272727;3.6;5.705882353;3;-0.574155135;-0.666256281;-1.032085335;-0.246770868;4.5;4.22222222222222
0;3.5;3.818181818;1;4.294117647;2;-0.302214527;-0.716674605;-0.992107671;-1.309818644;3.25;4
0;4.1;2.363636364;2.2;4.294117647;2;0.747271353;-1.407633068;0.176384005;0.989157713;4.625;2.77777777777778
1;4.1;3.454545455;1.1;5.176470588;3;0.316667264;-1.591263283;-1.136343057;-2.015556071;4.875;4
1;5.3;4.363636364;1.9;5.117647059;2;0.679319213;-0.42703166;-0.090737427;0.160246011;0.375;1
1;3.2;4.272727273;2.4;3.647058824;3;0.289430069;1.856517775;0.670384375;0.715135063;5;4.22222222222222
0;1.8;2.636363636;1.4;5.176470588;3;0.172458088;1.874415574;0.260452564;-1.001891832;5.625;5.77777777777778
0;1.8;2.636363636;1.4;5.176470588;3;0.172458088;1.874415574;0.260452564;-1.001891832;5.625;5.77777777777778
0;2.1;3.272727273;1;5.058823529;3;1.160181519;-0.964009534;1.16439084;0.151512744;6;NA
0;2.8;2.454545455;2.2;5.588235294;2;0.504243797;-0.353701254;-1.914951581;-0.52402296;1.875;3.33333333333333
0;2;1.727272727;2.6;NA;2;0.160141463;-0.203960733;1.566855737;0.120862373;1.375;2.44444444444444
1;3.1;2.909090909;3.2;2.411764706;2;0.92703024;0.901503231;-0.756792572;1.835276657;3.5;2.88888888888889
0;3.3;3.727272727;2.1;5.176470588;2;0.20091375;-0.955263497;0.126858729;0.235707204;3.25;3.44444444444444
0;3.4;2.545454545;3.9;4.823529412;3;0.659173874;0.485207771;1.332767063;-0.401880411;5.25;4.55555555555556
0;2.6;2.818181818;1.5;5.058823529;3;-1.074340358;-0.523496774;-0.091144573;-1.27646495;3.75;5.66666666666667
NA;3.5;3.909090909;2.7;5.117647059;2;0.471108217;-0.734578963;-0.564196032;-1.307128522;3.75;5.33333333333333
1;3.9;4;1.3;2.705882353;2;-1.25830595;1.204765646;-0.055864121;2.388298692;3;0.777777777777778
0;1.9;NA;1.1;5.764705882;3;0.959395098;-0.325048742;0.622989533;-0.23538428;5.875;5.88888888888889
1;4.5;3.363636364;3.2;2.529411765;1;-1.298841915;0.459034558;-0.005994295;-0.915179136;1.375;1.66666666666667
1;2.6;3.818181818;1.9;3.882352941;2;-0.496882706;-1.170677104;0.773751689;-0.083139588;NA;4.44444444444444
0;1.1;1.090909091;NA;4.529411765;2;-0.383549624;-0.336271684;0.486631825;-1.559858536;6;6
1;NA;2.909090909;3;3.470588235;2;-1.35988397;0.70215602;0.570110022;0.428557282;5.375;6
0;2.5;2.363636364;1.7;5;3;-1.417268525;0.931422664;0.327028702;0.244717574;5.125;6
1;4;2.545454545;3;4.823529412;2;1.514236866;2.058950298;0.316276605;1.747507661;4.375;4
1;3.4;2.272727273;1.8;1.411764706;1;-1.194345624;-0.617358311;-1.314268503;2.443519009;2.125;1
0;1.5;2;1.2;5.882352941;3;-1.126561243;1.582472805;-0.227001758;-0.542561127;0.5;0.555555555555556
1;NA;NA;1.6;5.529411765;3;-1.052612503;0.205537777;-1.257474598;1.517595795;4.375;5
1;3.6;2.818181818;2.4;2.941176471;1;0.41178256;-0.536977055;-0.231916756;1.127675977;NA;2.55555555555556
0;2.4;2.545454545;1;5.352941176;2;-0.842052695;-1.033017401;-1.841370777;1.139419036;6;6
1;4.3;4.454545455;1.3;4.058823529;2;-0.62360176;-1.234423863;1.228752242;1.003973071;1.125;2.22222222222222
1;2.4;3.272727273;2.8;3.176470588;2;0.36673463;1.746510541;0.12676232;-0.671091285;4;1.77777777777778
1;3.9;4.090909091;3.3;4.705882353;2;-0.552940149;0.841820048;-0.859166801;-0.009727759;4.375;3.66666666666667
1;1.1;4.636363636;1.4;5.470588235;3;0.909965189;-0.254885181;0.827285601;0.035552935;6;6
1;4.2;3.727272727;2;4.411764706;2;-1.280125081;-1.415311175;0.084250371;-0.386446217;3;3.33333333333333
0;4.4;4.909090909;3.2;2.529411765;2;1.866067561;-0.347180241;-0.005536511;0.176278657;3.25;1.77777777777778
0;3;3;1.3;5.117647059;3;-0.601265452;0.054912437;1.329306058;0.486358803;5.375;5.55555555555556
1;3.4;2.909090909;2.2;2.941176471;2;-1.501217651;1.379244341;0.409952837;1.28028046;4.25;3.22222222222222
0;2.3;2.636363636;1.7;5;2;1.340198399;-1.157000033;-0.089815016;0.290499578;4.25;5.11111111111111
0;3.4;3.272727273;NA;4.823529412;3;0.133479615;-0.707567911;0.402292945;-0.135204542;5.125;4.66666666666667
1;3.1;4;2.5;3.235294118;1;-0.916939085;0.512724029;0.402818289;0.05784222;3.25;2.33333333333333
0;2.3;2.909090909;NA;5.411764706;2;-0.277772302;1.089526097;1.533363734;-0.879415942;6;6
1;4.1;3.727272727;1.1;0.941176471;1;0.583885289;1.227901314;-0.217142625;0.993637637;2.625;1.33333333333333
0;2.6;2.909090909;1.9;5.176470588;3;-1.078388873;1.154502451;0.252291493;0.579379902;4.5;5.33333333333333
0;2.6;2.636363636;1.5;4.235294118;2;-1.358612974;0.562880012;-0.335927683;1.548404049;2.875;4.11111111111111
1;2.3;2.363636364;2;4.235294118;2;0.924704896;1.472651826;-0.245646308;0.393411532;NA;3.88888888888889
1;4.7;4.363636364;2.8;4.176470588;3;-0.993379741;-0.392369508;0.385523872;-0.721289168;0;0.888888888888889
0;4;3.636363636;2.2;4.235294118;3;-1.42129074;-1.407468203;0.663701697;0.416213381;4.375;5.77777777777778
0;2.6;3.272727273;1.5;5;3;0.785038428;-0.686522113;0.481635933;0.286226078;6;6
1;2.7;4.454545455;2.4;3.058823529;2;0.122373367;1.846930926;-0.327215418;-0.495346539;5.375;1.11111111111111
1;4.9;3.727272727;2.7;3.941176471;3;-1.272997605;1.571979156;-1.147767035;2.158234301;2.875;0.333333333333333
0;2.9;3.454545455;1.3;4.823529412;3;0.631968455;1.691387995;1.812589816;0.203841363;3;4
0;3.7;3.090909091;3.2;3.235294118;3;1.575123108;-0.453674482;-1.03961765;-0.390344469;3.625;2.44444444444444
0;4;3;3.2;4.529411765;2;0.20041655;-1.265074395;2.05184171;-1.272759701;3.25;4.22222222222222
1;4.2;4.909090909;1.6;3.352941176;3;1.457415707;1.747392142;0.698426186;0.58326486;4;1.55555555555556
1;3.4;3.636363636;2.2;4.470588235;3;-1.268717614;0.372917601;1.149437257;1.108970471;2.625;4.66666666666667
1;2.7;3.090909091;1.9;3.764705882;2;0.211480757;-1.034844285;0.002346531;-0.901326717;5.875;6
1;2.2;3.181818182;1.8;4.058823529;2;1.416352197;0.864253548;0.476632248;1.053019783;5.625;3
1;4.1;3.818181818;3.3;3.647058824;2;-0.668370889;0.319673973;-1.438363524;0.099532305;1.25;1.77777777777778
1;4.4;4.454545455;1.4;2.764705882;2;0.44463607;-0.701048274;0.833482322;-1.001433941;1.375;1.22222222222222
1;4.5;4.545454545;2.6;3;2;-0.573539492;-1.166967144;0.69789614;0.967573504;2.625;3.55555555555556
1;4.3;3.818181818;2.7;3.352941176;2;-1.47647247;-0.425300221;-0.780960492;0.481092552;5.125;4.66666666666667
0;2.1;3.181818182;1.2;3.529411765;3;0.510018839;-0.778570225;0.834386192;0.130885018;5.75;4.77777777777778
1;3.3;3.090909091;1.5;2.764705882;2;0.058830912;0.352877957;-0.446138894;0.291110567;1.75;2.22222222222222
1;2;4.090909091;1;4.764705882;2;-1.195060757;-1.017699526;-0.637740119;-0.471055837;6;5.66666666666667
0;3.1;3.818181818;1.5;2.882352941;2;-0.250962357;-1.212913515;1.090530184;0.665509443;2.75;2.88888888888889
1;2.9;3.454545455;2;3;2;-0.325037677;0.628747964;-0.184255762;-0.875466472;3.375;3.44444444444444
1;4.7;4.636363636;2.7;4.647058824;2;-0.131535388;-1.042338816;0.277892945;0.660475167;2.625;4.22222222222222
0;2;3;1.5;5.294117647;3;-0.297535278;-0.150371271;-0.285577335;-0.95469326;4.125;5.11111111111111
0;1.4;2.818181818;1.2;5.647058824;2;0.092754753;-0.326909546;-0.734038077;-0.941671664;5.25;6
1;3.5;4.181818182;NA;5.176470588;2;0.467325998;0.109992606;-0.231868334;-0.179087224;2;5
0;1.5;1.727272727;1.7;5.941176471;3;2.070701983;-0.588636645;-0.582086322;-0.470066915;6;6
0;1.5;1.818181818;1.4;5.352941176;3;-0.204536108;0.376278053;1.176604459;0.072563177;6;4.88888888888889
0;1.4;1.818181818;1.6;5.411764706;3;-0.921265231;-0.270499592;-1.453867929;0.059015787;6;6
0;3.9;3.636363636;2.7;3.823529412;2;1.358823456;0.710091294;0.552927706;0.21959965;1.5;1.88888888888889
1;4.4;3.272727273;1.8;3.294117647;2;-1.214617739;-0.361069588;-1.950405437;0.560090341;1.375;1
0;4;3.909090909;2.4;2.823529412;2;-0.246416732;-0.872282338;0.562554766;-1.576999493;2;2.77777777777778
1;4.8;4.363636364;3.3;2.588235294;2;1.551395701;-0.845814823;-2.017416125;0.150640987;4.375;1.77777777777778
1;3.8;3.454545455;2.3;1.411764706;1;0.301803938;1.851213208;-1.015090551;-0.469767849;3.25;2
0;2.2;3.454545455;1.7;5.117647059;3;0.778069636;-0.146868524;0.424582351;0.020606295;5.25;4.44444444444444
1;2.9;4.090909091;1;3.823529412;2;0.874175833;-0.409821008;0.889663545;0.16271957;2.875;2.66666666666667
0;2;3.454545455;2.2;5.941176471;3;-0.259088867;-0.890683514;-1.8559925;-0.987408862;6;6
0;3.4;3.636363636;2.1;5;2;0.061611662;-1.319260891;0.105076783;1.179775141;6;5.66666666666667
0;2.4;1.818181818;1.3;NA;2;0.971463433;-0.662564307;-0.89971184;0.196675145;1.875;2.33333333333333
1;5.2;4.545454545;5;4.294117647;2;-1.199461742;-0.066448208;-0.512955711;-0.471327954;1.625;1.44444444444444
1;2.7;3.818181818;1.1;5;3;-1.166687275;-0.084790538;0.566727965;0.848849253;3.625;NA
0;3.1;2.909090909;3.5;3.823529412;2;-0.026937208;-1.392974589;1.642429959;1.152362979;4.375;4.55555555555556
NA;4;3.818181818;3.4;2.588235294;2;0.418045691;-0.693219172;-1.019080722;0.639580261;4.125;4
0;3.4;3.636363636;3.4;3.647058824;2;0.244878804;-0.936692287;-0.583092723;-0.776039327;5.5;4.11111111111111
1;3.2;3.545454545;2.4;4.176470588;3;1.319627265;-1.05217276;1.511647351;-0.907048659;5.5;4.55555555555556
1;4.7;4.090909091;4.2;0.470588235;1;-0.892132587;-0.146824919;-0.344238422;2.254511664;1.875;0
1;3.4;3.818181818;4.2;3.529411765;1;0.524567627;-0.202347203;-0.057124882;0.949622071;3.875;1.66666666666667
0;2.8;3.454545455;NA;5.470588235;3;-0.075068476;-0.333058309;-0.987274521;0.82776354;6;NA
1;3.6;2.818181818;2.2;4.647058824;3;0.017643169;-0.390211464;-1.434101944;0.588088498;4.875;3.77777777777778
1;4.8;3.818181818;2.6;3.176470588;2;-0.130608412;-0.49265318;-1.616276498;1.371152806;3.375;3.55555555555556
1;3.6;3.727272727;2.2;5.176470588;2;-0.005860926;-0.37828939;1.101627432;-0.194434064;5;2.66666666666667
1;2.8;3.090909091;1.9;4.176470588;2;-0.165089755;-1.422809442;-1.207805879;-0.467229693;3;3.33333333333333
0;2.5;4.363636364;1.2;4.882352941;2;-0.832568652;1.282290824;1.397070108;0.147034781;4.125;4.22222222222222
0;4.2;3.818181818;2;5.058823529;3;1.366025976;-0.504075327;0.071533371;-0.888171545;0.375;4.11111111111111
0;2.8;2.818181818;2.6;4.705882353;2;-0.71991062;-1.387398239;1.101880716;1.99380919;4.5;5.11111111111111
1;3.3;4.636363636;2.8;4.705882353;2;-1.312431182;-1.150991231;1.224809038;1.041943834;2.125;2
0;3.2;3.181818182;3.9;4.823529412;2;0.558806124;-0.656372315;-0.910652439;-1.043274745;5.75;NA
1;3.7;NA;2.6;0.529411765;1;-1.102993858;0.942573907;0.400674154;-1.062491245;3.375;0.444444444444444
1;3.3;3.363636364;1.6;3.764705882;2;-0.537651295;-0.679342951;-0.849427445;-1.780334181;4.375;2.88888888888889
1;3.1;3.090909091;2.2;3.235294118;2;0.645497074;0.882689288;-0.503400202;-0.817366977;6;5.44444444444444
0;3.5;3.181818182;2.2;4.294117647;2;-0.190740002;-0.517187214;0.174156161;-0.898818982;2.5;1.77777777777778
0;4.6;4.909090909;3.7;2.588235294;3;1.554347036;-0.209781361;1.258607229;0.976298108;4.125;2.22222222222222
1;4.4;3.818181818;3;4.294117647;2;-0.632551917;-1.783373358;-0.035697868;0.290347431;2;2.66666666666667
1;2.8;4.272727273;1.6;3.411764706;2;-1.717170435;-0.909130201;0.97242694;0.945053764;6;4.55555555555556
1;3.5;4.363636364;3.5;2.235294118;2;0.958491526;-1.235258432;-7.344719843;-1.85980325;2;0.111111111111111
1;2.4;3.181818182;1.2;5;2;-1.114026031;-0.877568877;0.860566916;0.175297808;3.5;4.44444444444444
1;3;3.272727273;2.7;4.647058824;2;-1.669251816;0.170331177;1.473576272;-0.362512508;1.75;4.22222222222222
1;4.4;4.545454545;1.1;0.588235294;1;-1.265792092;0.634040404;1.04236135;1.082752077;1.125;0
0;2.1;2.363636364;1.3;4.823529412;2;-1.747705124;0.558663292;1.332819024;1.104451807;6;6
0;1.2;1.454545455;1;5.588235294;3;0.712339081;-1.009069397;0.459733644;-1.676864043;NA;6
1;4;2.909090909;3.5;4.176470588;2;-0.104656128;-0.651291935;0.474730371;-1.665606211;3.625;3.77777777777778
1;4;4.090909091;2.1;2.764705882;1;-0.091669716;-0.965712169;0.997402765;2.938167108;3.375;0.666666666666667
1;3.3;3.272727273;2.6;3.529411765;2;0.506869008;1.238960496;-0.504051139;0.975862539;4.25;3
1;4.1;4.090909091;2;2.588235294;1;-0.569677292;1.786598337;-0.070839432;-0.125197864;0;1.66666666666667
1;3.9;2.090909091;NA;5.117647059;3;-1.547555711;0.80731784;0.058977384;0.670607223;NA;3.33333333333333
1;2.1;2.909090909;1.3;4.529411765;2;-0.858103006;1.371237522;-0.443140888;1.44033224;3.75;3.11111111111111
0;1.2;2.272727273;1.1;5.647058824;3;-1.345037688;2.24873925;0.629953954;-0.060439653;6;5.55555555555556
1;3.2;4.090909091;3.2;4.058823529;2;-0.695278163;0.454212326;-0.702402349;0.208834128;4.125;3.66666666666667
0;2.8;2.454545455;3;2.764705882;2;1.250253489;2.159392772;0.568060968;1.348238601;5.375;5.22222222222222
1;3;2.636363636;2.2;2.117647059;3;1.309802592;-0.932889469;-2.167712883;0.530414235;3.75;4.11111111111111
0;1.7;1.181818182;1.4;6;3;2.655870225;-0.405849491;-2.134124368;-0.195318999;6;6
0;3.1;3.363636364;1;3.411764706;3;1.142559529;-0.498752642;-1.426667442;-1.116354393;2.375;3.33333333333333
1;3.4;3;2;4.117647059;2;-0.739508463;0.521450478;-1.047355998;1.395203076;2.875;4.22222222222222
0;2.3;3.636363636;2.1;4.941176471;2;0.047844538;-1.025444397;1.557585462;-0.058698307;6;6
1;3;3.363636364;3.5;1.941176471;2;1.655745861;-0.362339686;-0.919673148;0.553698038;1.25;1.77777777777778
1;4.7;4.272727273;4.6;1.176470588;2;1.003677659;-0.469792749;0.437052608;-0.721064287;2.375;0.222222222222222
1;3.2;3.545454545;2.2;4.235294118;2;0.154485972;-1.326176016;0.585374391;1.033234613;3.375;5.55555555555556
0;3.6;3.363636364;1.2;3.294117647;1;-0.383513967;-0.410743611;-0.234796778;-0.467530863;1.875;2.55555555555556
1;1.7;2.363636364;1.9;2.647058824;2;0.532176032;-0.625323627;-0.872968181;-0.523732536;6;3.66666666666667
1;4.3;3.363636364;1.5;5;2;-0.890027348;0.440994984;-1.687105002;0.440816952;3.375;3.66666666666667
0;2.8;2.636363636;2.2;NA;2;2.822889547;-0.283114424;0.409602117;0.248537891;NA;4.44444444444444
1;2.6;3.363636364;2;3.529411765;3;0.979578791;-0.721732988;-0.834585261;0.863588679;4.5;4.55555555555556
0;4.2;2.727272727;3.2;3.529411765;2;-1.181700664;2.170399732;0.599796591;-0.937385022;3.375;2.22222222222222
1;2.4;2.818181818;2.4;4.764705882;2;-0.215419519;2.228404489;0.130283;-0.831438442;4.5;5.33333333333333
1;3.5;3.818181818;1.4;4.647058824;2;-1.703532748;-0.165753444;0.946691422;-0.914360985;3;4.88888888888889
1;3.8;3.545454545;3.1;3.588235294;1;-1.512492182;1.827507164;0.165354138;0.420738745;2.625;3.66666666666667
1;2.7;3;1.8;4;2;-0.769991045;-0.317045701;-0.168755785;-0.003638345;4.875;3.77777777777778
1;3.3;3;1.7;4.117647059;2;-0.737733348;-0.313019025;0.169127391;-1.564330193;3.75;3.55555555555556
1;3.9;3.090909091;2.2;2.588235294;3;1.027626711;-0.150046919;0.30969861;0.76087539;4.25;4.88888888888889
NA;4.6;4.181818182;4.2;4.470588235;2;1.069780876;-0.274695507;-0.787505825;-0.236718549;3.25;NA
0;3.1;4.181818182;1;3.705882353;2;-0.140939309;-1.134176865;1.132652818;-0.805126491;5.125;2.44444444444444
1;4.2;3.727272727;3.1;4.470588235;2;-0.783595789;-0.621594998;0.894657828;-0.048222261;3.375;1.88888888888889
1;2.8;2.545454545;1.6;3.647058824;2;-0.898618347;0.109045687;-0.53153009;-0.647610326;4.125;4.55555555555556
1;NA;3.272727273;1.8;3.705882353;2;0.228916101;1.528547427;-0.041427448;-0.447012662;4.75;4.22222222222222
0;1.2;1.363636364;1;5.882352941;3;-1.307458693;-0.721141144;-1.729071905;-0.54127164;6;6
1;3.6;2.636363636;2;5.058823529;3;-0.157060021;0.363923235;-1.771973694;0.383059985;5.625;5.55555555555556
0;2.8;3.818181818;3.1;5.588235294;3;-1.157281349;-0.920694194;-1.101254471;-0.677041572;4.375;NA
1;3.9;4.545454545;4;3.529411765;2;1.42252574;-0.200792615;-0.695703529;-0.612655859;2.625;3.44444444444444
1;3.4;4.363636364;2.5;3.058823529;1;-1.654583792;0.482017171;0.933308703;0.132666483;1.25;0.222222222222222
1;2.4;3.727272727;1.6;4;2;-1.570143947;-0.375296285;-0.530781632;1.174008692;2.375;4.66666666666667
0;3.7;3.818181818;2.6;2.411764706;2;1.272331695;1.272022294;0.120041825;0.510778895;NA;4
1;3.2;3.818181818;2.5;1.823529412;1;0.343629736;-0.684257349;1.20612425;1.656412817;5.25;3.22222222222222
1;4.8;3.272727273;3.6;0.941176471;1;-1.674430109;-0.800177101;0.97746356;-0.158640508;1.875;0.666666666666667
NA;2.4;3.818181818;1.2;5.470588235;3;-0.204874865;-1.224221603;-0.020876903;1.318304239;5.625;6
1;2.8;3.727272727;2.7;3.882352941;2;1.557756888;1.273549376;0.365036836;-1.671227662;0;2
0;2;2.181818182;1.5;5.411764706;2;0.756616045;0.956726008;0.406509193;0.361157103;5.25;NA
0;2.1;3;NA;5.705882353;2;-1.328954418;-0.926474874;0.574580123;0.032779277;6;6
0;2.2;3.454545455;1.7;5.117647059;3;0.778069636;-0.146868524;0.424582351;0.020606295;5.25;4.44444444444444
0;5.3;4.909090909;5;3.823529412;3;-0.34371283;1.708741325;0.550493828;1.11688446;4.5;2.66666666666667
1;3.5;3.909090909;2.3;3.941176471;3;-0.17628653;1.074750431;-0.392902452;-0.584392708;2.75;2.77777777777778
1;3.7;3.545454545;2.2;3.117647059;3;-0.02408718;1.246553085;-0.222115184;-0.11366928;3.75;4.22222222222222
1;1.3;2.090909091;1.1;5.647058824;3;-0.636875687;2.00699549;0.146186886;-0.780616055;5.75;6
1;4.2;4;2.6;1.882352941;1;-0.908547405;-0.233263252;-0.250033801;0.889264905;1.625;2.44444444444444
0;1.8;2.545454545;1.2;4.941176471;3;1.365720181;-0.613449395;0.167771068;-1.583341863;5.875;6
0;2.5;3;1.1;4.764705882;2;0.074543541;-0.707516234;-0.373744456;1.457349332;2.75;4.11111111111111
1;4.9;4.727272727;2.3;0.529411765;1;0.165798141;-0.213329883;0.882220431;1.166274929;0.5;0.111111111111111
NA;1.6;1.909090909;1;5.176470588;1;1.343630238;0.593337046;-0.457408085;-0.762264036;1;1
0;1.8;2.636363636;1;4.764705882;2;0.30113759;-0.412343814;0.217400148;-1.509861384;5.625;4.33333333333333
1;3.7;NA;2.9;4.647058824;2;-1.24452903;1.006588142;-0.103385353;0.165225556;2;NA
1;1.6;1.909090909;1;4.529411765;2;-1.138864988;-0.447690789;0.360915018;1.194032521;4.75;5.44444444444444
0;3.6;2.727272727;1.3;4.294117647;2;-1.079623335;0.54454435;1.347977352;0.790822404;1.125;2.22222222222222
0;1.7;3.181818182;1.1;5.294117647;3;-0.224572672;0.030855201;-1.58945221;-0.627371288;5.875;6
1;4.7;NA;3.9;NA;1;-1.008967766;0.585617311;0.74105269;0.460043918;2.375;1.77777777777778
0;3;3.909090909;1.3;5.411764706;3;-0.284897378;-0.149356408;-2.80149916;-0.651049706;5.125;4.88888888888889
0;2.3;2.636363636;1.9;5.411764706;3;0.526307486;-0.682427783;1.370813228;0.257739536;5.875;5.88888888888889
0;2.5;3.181818182;1.7;4.823529412;2;-0.897617457;0.027967899;-0.86123613;-0.801824747;2;2.33333333333333
1;3.8;4.545454545;4.2;3.176470588;2;-1.288318611;-0.665179071;1.116904509;-1.334532835;3.5;0
0;3.2;2.636363636;2.3;5;3;-1.429593721;-0.645148778;-1.572853446;0.498555053;1.375;5.33333333333333
1;4.1;2.909090909;2.4;NA;2;-0.236480815;0.052793229;-1.420981418;-0.030348345;4.125;5.55555555555556
0;2.4;3.363636364;2.2;4.176470588;2;-1.32212564;-0.482759217;-0.028138702;0.731555164;5;4.11111111111111
0;2.2;3.181818182;1.2;4.882352941;2;-0.321880464;-0.743841168;0.687293289;-1.060278106;4.625;5.55555555555556
0;2.4;3.090909091;1.7;4.941176471;3;1.946364135;1.048768006;-0.850248246;0.258740078;5.5;5.55555555555556
0;2.3;2.363636364;2.3;4.705882353;2;-0.850332148;1.38298613;0.957665105;-1.026395161;1.875;2
0;2.8;3.363636364;2;5.470588235;3;-0.100660971;-1.09638715;1.200652182;-1.098842813;4.75;5.88888888888889
0;2.3;4;1.2;5.823529412;2;0.126752849;-0.57656762;1.062541321;0.20873097;4.25;5.77777777777778
0;2.5;2.545454545;2.4;5;3;-0.54999513;-1.038440749;1.159632625;-0.746807484;6;6
1;2.8;3.090909091;1.6;3.882352941;2;-0.73639704;-0.587300338;-0.559555397;-1.47954074;3.375;5.11111111111111
1;3.3;3.727272727;3.4;3.529411765;2;-0.779000246;-1.040599063;0.816549903;-0.089491544;3.375;3.11111111111111
0;2.3;2.363636364;2.1;3.176470588;2;1.011455756;-1.189501465;0.787071;-1.563053699;1;3.55555555555556
0;3.2;3.090909091;3.2;3.588235294;2;-0.825744663;-0.507001627;-1.057100462;-0.666806988;2.625;4.11111111111111
1;3.3;3.272727273;2.8;4.411764706;2;-0.805851416;0.271433466;-1.715075349;-1.054143498;4.25;5.33333333333333
0;1.3;2.545454545;1.1;5.764705882;3;-0.4532819;-0.628632077;0.96594027;-0.06981451;6;6
1;2.2;2.818181818;2.2;5.352941176;3;0.226081954;-0.736073729;0.571349387;0.280931533;4.375;5.44444444444444
1;3.9;4.454545455;2.6;3.294117647;2;0.48004728;-0.507637256;0.045470207;0.236681322;3.375;3.33333333333333
NA;3.6;NA;2.6;4;2;0.974145862;-0.074375052;0.552941665;-0.854850844;3.5;2.22222222222222
0;4.7;3.909090909;4.1;3.470588235;3;-0.17741344;-0.742557571;1.255049987;1.136449686;1.875;3.44444444444444
1;4.2;2.727272727;1.8;3.705882353;2;-0.455145137;-0.481500211;-0.164534103;-0.479368972;2;1.11111111111111
0;2.1;3.181818182;2.5;5.529411765;3;0.910135542;-0.610204466;1.042365048;-0.959464074;6;6
1;4;3.363636364;3.3;3.941176471;1;-0.104656128;-0.651291935;0.474730371;-1.665606211;2.625;3.11111111111111
1;4.1;3.545454545;2.1;2.764705882;2;0.135748269;-0.642999257;1.373379944;0.019818948;1.125;2.22222222222222
0;3.2;3.909090909;2.2;4.705882353;2;0.148351658;-1.442892342;0.611028816;-0.065832217;5;4.33333333333333
0;3.4;2.272727273;1;4.588235294;2;0.120188265;-0.948024762;0.604285438;-0.081890269;5.5;4.88888888888889
0;1.4;2.545454545;1.2;5.647058824;3;1.543960251;-0.698012312;-1.202539439;-0.874416836;6;6
0;3.9;2.727272727;2.3;2.941176471;2;0.653842546;-0.196559902;-0.300808605;1.920067221;2.125;3.66666666666667
1;3;2.090909091;1.8;4.235294118;2;1.660169967;1.013582235;-0.337633158;-0.824080564;4.625;4.77777777777778
0;2.2;3;2.3;5.470588235;3;1.264090454;-0.698888134;-2.291415413;-1.57467201;5.125;5.66666666666667
1;3.2;3.363636364;1.3;2.764705882;2;1.338684929;0.785120333;-0.07437054;1.021075866;4.875;4.77777777777778
0;2.3;2.363636364;1.4;5.352941176;3;0.400233972;-1.304034904;0.193762497;-1.626746294;6;6
0;4.1;NA;4.7;4.294117647;3;0.692299623;-0.80028254;1.010655902;-0.92201903;4.75;5.33333333333333
0;1.6;2.727272727;1;5.941176471;3;1.128343895;-0.54991845;1.188164486;0.661616611;4.5;6
0;3.5;4.181818182;2.5;5.176470588;3;0.509599628;-0.240239322;-0.134814394;-1.009653364;3.125;6
1;3.1;3.909090909;1.9;3.352941176;2;0.736415271;-0.577004218;0.914411395;-0.184567312;4.625;3.55555555555556
0;3.5;4.363636364;2;5.588235294;3;-0.748539017;-0.40637821;0.88949292;-0.767462705;3.125;4.88888888888889
1;2.8;3.454545455;1.4;5.470588235;3;-0.367169318;-0.838846489;0.236525759;-0.832152154;3.75;5
1;2;3.909090909;1.6;0.588235294;1;-0.664547131;1.17923058;0.240313039;2.259915898;4.5;0.888888888888889
1;NA;3.272727273;2.8;5.352941176;2;0.823767928;1.430155604;0.564912324;-0.202339746;2.375;3.44444444444444
0;4.1;3.181818182;3;4.764705882;3;0.949119995;-0.330896499;-1.298522471;0.804644056;2.625;3.88888888888889
1;4.7;4.363636364;3;5.588235294;3;-1.171604977;0.809204102;0.612185481;-0.069187989;3.5;3.44444444444444
1;3.9;3.636363636;2.3;3.235294118;1;-1.305742528;1.02897633;1.164687454;0.439383652;1.125;1.11111111111111
0;4.2;2.909090909;2.8;5.764705882;2;1.944789303;-0.83455078;-1.088481858;0.269270817;1.5;1.44444444444444
0;5.1;3.545454545;4;5.235294118;3;0.699424385;-1.387311844;0.128442626;1.779044054;4.375;4.77777777777778
0;2.4;3.272727273;1.5;2.588235294;2;-1.389421457;2.006278817;-0.321006125;0.717503987;5.5;4.44444444444444
0;2.2;3.272727273;1.7;4.411764706;2;0.820763402;-0.981283029;1.161653001;-0.676889043;4.5;5.33333333333333
0;2.8;2.909090909;1.4;4.294117647;2;-0.118125723;-0.954671636;0.778054394;-1.217060804;4.75;6
0;1.8;1.636363636;1.6;5.764705882;3;0.801078167;-0.312719167;-0.356646551;-0.042723908;5.5;5.77777777777778
1;4.1;4;2.4;2.352941176;1;-0.540564152;-1.328394848;1.382538354;0.139536265;3;2.77777777777778
1;2.2;2.545454545;2;NA;2;1.532563749;0.995226323;-0.122832913;2.037544448;4.625;3
0;2.2;3.181818182;2;5.882352941;3;0.861011631;-0.505112172;0.842960228;-1.451055012;5.25;5.44444444444444
0;2.2;2.818181818;1.9;NA;3;0.184003934;1.450579247;0.598796873;1.844799964;NA;4.44444444444444
1;4.3;4.363636364;3.4;4.941176471;2;-0.645685971;0.065908373;-0.345576589;0.355795026;2;3
1;2.8;2.909090909;1.8;3.823529412;1;-1.033458654;-0.055448267;0.223737932;0.978498124;5.25;4.66666666666667
0;2.2;2.454545455;1.3;4.941176471;3;0.698770039;-1.201666355;-3.180260628;-1.68681628;4.875;5
1;3.6;NA;2.1;3.117647059;2;-0.574863645;-0.368000265;1.289957833;0.07961583;2.375;2.22222222222222
0;1.7;3.454545455;1.7;5.588235294;3;-1.462956473;-0.217047611;0.035118994;0.08850006;3.375;5.33333333333333
1;4.1;3;3.4;3.117647059;2;-0.899100455;-0.88634815;0.208312802;1.553086495;4.75;2.77777777777778
0;2.3;2.818181818;1.6;2.882352941;2;-1.046939514;1.162850509;-1.338634664;2.623148027;4;1.66666666666667
0;1.1;2.272727273;1;5.411764706;2;-1.437728698;-0.145520607;0.281667656;-0.230516016;6;6
1;2.2;2.727272727;2.6;4.176470588;2;1.221878695;1.057642162;-0.262605833;2.006570556;2.625;3.66666666666667
0;1.7;NA;1.2;5.647058824;2;0.180751951;-0.147895991;-0.354473628;-0.929723063;6;6
1;3.4;2.818181818;2.4;5;2;-1.338020628;-1.173531443;0.880256955;0.205852648;5.375;6
0;1.2;1.727272727;1.3;5.294117647;3;-1.192202748;1.023941459;-0.941813957;-1.851912941;6;5.66666666666667
1;3.6;3.272727273;1.4;2.235294118;1;-1.15867643;1.042434082;0.684888469;-0.076881805;NA;2.33333333333333
0;2.8;3.090909091;2.1;3.117647059;3;1.038279073;0.542415934;-1.194485425;0.573147054;5.5;4.22222222222222
0;1.6;1.818181818;3.1;4.823529412;2;-0.182433449;-0.472009065;-0.076308949;-1.984530522;1.125;4.44444444444444
1;4.4;4.090909091;3.3;4.588235294;3;1.204580672;2.634287355;0.984324252;0.653115318;1.25;1.11111111111111
1;3.9;4.272727273;1.8;2.705882353;1;-1.318632111;1.71814041;1.469424734;-0.215948829;2.625;1.22222222222222
1;3.9;4.272727273;1.8;2.705882353;1;-1.318632111;1.71814041;1.469424734;-0.215948829;2.625;1.22222222222222
1;2.2;2.545454545;2;1.764705882;2;1.532563749;0.995226323;-0.122832913;2.037544448;4.625;3
0;2.3;2.909090909;1.5;5.411764706;3;-1.361510422;-0.319834855;-0.183497299;-0.653703197;6;6
0;1.8;2.727272727;1.2;5.352941176;2;0.114566247;0.90537241;-1.74713879;1.146121206;5.75;6
0;3.7;3.272727273;2.8;5.176470588;3;0.797810368;-0.613159046;1.551324215;-0.294024552;3.125;3.77777777777778
1;4.5;3.818181818;2.9;3.235294118;2;1.490431825;0.895078395;-0.398714133;0.877164011;1.25;0.222222222222222
1;2.6;3.363636364;1.1;4.470588235;3;1.318675962;0.980764481;-0.002541826;0.076756731;5.5;3.66666666666667
1;5.5;5;5;0;1;-1.2952312;0.050445728;1.122873861;-1.824591954;3;0
1;2.5;3.090909091;2.6;4.235294118;2;0.338891943;0.293738927;-1.425469449;1.034704607;5.125;4.22222222222222
0;2.4;3;1.3;5.705882353;3;1.254133248;-0.597693679;-0.354608582;-1.44863592;6;6
1;3.1;3.909090909;2.1;1.882352941;2;0.072611491;0.422059835;-0.078559475;-0.749273115;4.5;1.55555555555556
1;2.3;2.727272727;1.2;5.470588235;3;0.196402244;1.288787148;-1.523658436;-0.062737336;5.625;5.22222222222222
1;2.6;3.090909091;1.5;5.058823529;3;-0.61607491;1.809366463;-0.206274244;-0.075416345;3.125;5.22222222222222
1;3.9;3.090909091;2;2.352941176;2;-0.557618774;0.612917686;0.085130756;0.881270798;0.875;1.66666666666667
1;5;4.090909091;3.2;3.294117647;2;-1.150842892;-0.192992942;0.512650949;-0.620651949;2.125;0
0;1.2;2.363636364;1;5.588235294;3;1.716468815;1.236186115;0.110521537;-0.568625922;5.375;6
1;3.5;3.545454545;3.6;4.764705882;2;1.684468642;-0.559527019;-0.419104538;0.845223303;4.75;5.33333333333333
0;3.8;4.545454545;2;5.647058824;2;-0.973118829;-1.188483703;0.605739963;0.938349065;5.75;5.22222222222222
1;3.8;3.454545455;2.5;3.352941176;2;-1.729182711;1.499563908;0.727141839;1.234551658;3.125;1.22222222222222
1;3;3.818181818;4.7;1.647058824;1;-0.827890282;1.532450149;0.102495177;0.329572149;3.875;1.55555555555556
1;3.8;3.818181818;2.4;4.176470588;2;-0.151237773;1.544489781;0.45601983;-0.410366399;2.125;2.88888888888889
1;3.1;3.363636364;1.2;5.235294118;3;-0.065477783;-0.814457701;-0.692324676;-0.023161274;4.25;5.66666666666667
0;2.5;3.545454545;3.8;5.294117647;3;-1.31024154;-0.716093669;1.098242755;-0.081493606;5.875;5.88888888888889
1;3.9;4.363636364;4.5;3;1;0.39570889;1.675837605;-0.345783027;2.205989068;3;NA
0;3.3;2.727272727;2;5.588235294;2;-1.02971277;0.938083897;0.487055477;-0.549827723;3.125;3.44444444444444
0;1.9;1.363636364;1.5;5.411764706;3;1.445381698;-1.113217977;-0.688869721;-1.548334314;4.5;6
1;2.9;3.727272727;1.7;2.352941176;1;0.250647756;-1.403299702;1.486864843;0.29477412;0.875;0.666666666666667
0;1.7;2.090909091;1.9;3.882352941;2;-0.748097797;0.395544741;-0.197357678;-0.882952802;1.75;1.66666666666667
1;3.1;4.090909091;3.8;2.764705882;2;0.936542348;1.564209938;1.348158612;1.024063265;4.75;4
0;2.1;2.818181818;1.4;5.294117647;3;-0.472488038;-0.246151559;-0.840927003;0.956629496;6;5.88888888888889
1;3.4;3;3.4;5;2;-1.063985943;2.072531231;-0.308810096;0.784977052;2.125;1.66666666666667
0;2.2;3.181818182;1;5.823529412;3;0.859786969;-0.672025247;1.709979349;0.137626726;5.375;6
1;1.5;2.727272727;NA;4.411764706;2;-0.315401671;1.510160736;-0.212190003;1.010512383;4.375;3.66666666666667
1;2.9;3.636363636;1.7;2.235294118;1;1.207111313;-1.084820797;1.161673922;0.054008042;2.375;1.44444444444444
1;2.5;2.909090909;1;4.470588235;3;0.464684477;1.457146432;-0.277216332;2.144124681;6;4
1;NA;4.363636364;3.3;1.882352941;2;0.664795199;1.637133917;0.674107683;1.097202435;4;2.66666666666667
0;3.1;3.545454545;NA;4.058823529;3;-0.936683111;-1.554556897;0.353072434;1.945581968;4.875;4.66666666666667
0;3.1;3.181818182;1.9;3.647058824;2;0.061663932;0.729881108;0.166820472;-1.682735068;3.375;3.55555555555556
0;2;3.272727273;2.1;4.411764706;3;0.680975897;1.737527639;1.250586028;-0.821293369;5.625;5.22222222222222
0;2.4;3.272727273;2.4;5.176470588;3;0.138919954;-0.315626861;1.084585789;-0.966712651;6;5.88888888888889
1;1.5;2.545454545;1.5;4.764705882;3;-0.18960664;1.474241611;0.499708936;0.264264212;3.25;5.33333333333333
1;2.7;2.909090909;2.1;2.705882353;2;-0.149597565;1.423696032;-0.355632956;-0.580995215;2.625;3.66666666666667
0;1.7;2;2.7;4.705882353;2;1.120563939;0.97020946;-0.675559666;0.113565877;4.125;4
0;2.5;3.272727273;1.3;5;2;-0.185629846;-0.304662674;-0.509859911;0.867723793;5.5;5.11111111111111
0;1.2;1.454545455;1.5;4.705882353;3;2.104032367;0.172398032;0.782662261;0.722187204;6;6
1;2.3;2.818181818;1;5.117647059;1;-1.03853992;0.713477033;0.162111127;0.567497597;1.5;1.11111111111111
1;2.6;3.818181818;2.3;5.176470588;2;1.569111138;1.548907058;-0.291723297;0.900822784;5.625;5.66666666666667
1;4.2;4;2.3;3.294117647;2;0.889076622;-0.291216484;1.407112085;-0.149830354;1.875;2.22222222222222
1;4.7;4.272727273;5;1.352941176;1;0.854931364;-0.716010026;-0.198522823;0.006926661;0;0.555555555555556
1;5.1;4.818181818;3.2;0.823529412;1;0.478302356;0.814373232;0.740640819;2.292192865;0.25;0
0;2.3;2.272727273;1.3;4.705882353;3;-0.804794134;-0.55186412;0.506914037;-0.820974525;6;6
0;1.5;2;1.8;3.705882353;3;1.594192481;-0.249787276;-0.033201488;1.786338716;1;1
1;2.6;1.909090909;2.3;2.588235294;1;-1.48163136;-0.046509628;0.146663734;1.138236065;3.625;1.22222222222222
1;2.7;4.181818182;3.1;2.352941176;1;0.686625968;-0.867001447;-0.498594256;-0.213514533;5;3.33333333333333
1;3.7;3.363636364;3.7;4.411764706;1;-0.093170039;-0.297803568;-0.572564091;0.291453346;2.625;3.11111111111111
0;4.2;3.272727273;2.1;4.470588235;2;-0.701139776;0.300707007;-0.442473152;1.061530863;1.375;3.11111111111111
1;2.5;2.545454545;2.7;5.176470588;2;-0.162695587;1.610143169;-0.026466998;1.047234668;4.75;4
1;3.3;3.363636364;3.4;4.529411765;2;2.117018273;-1.328703558;0.669288106;1.105199845;4;3.66666666666667
NA;2.1;2.545454545;2;2.352941176;1;-0.488093032;0.858016774;-0.406302417;2.258141054;4.875;3.66666666666667
1;2.2;2;2;3.764705882;1;-1.23159594;1.254846266;1.368095743;1.164234658;1;1
1;4.7;3.818181818;3.2;3.411764706;2;1.652474597;-0.064871585;0.55042328;-0.133915158;NA;NA
0;3.5;3;2.3;3.764705882;1;0.108606574;0.018213995;1.047793003;-0.187333137;1.375;1.33333333333333
0;1.1;1.090909091;1;5.764705882;3;-0.241918481;1.043828813;0.025192259;-1.205707746;6;6
1;5;4.090909091;2.3;1.235294118;2;-0.070933328;0.795469664;0.653376948;0.845807683;0.375;0.111111111111111
0;NA;3.727272727;2.3;2.294117647;2;0.702194454;-0.092897115;-0.520138508;-0.574643777;4;2.77777777777778
0;2.2;4;1;5.647058824;3;-1.159816693;-1.524756647;-0.368881597;-0.153234175;6;6
0;3.5;2.363636364;1;5.529411765;3;-0.151893286;-1.117231109;0.354974835;-1.648361478;2.875;5.11111111111111
0;1.9;2.727272727;1;5.411764706;2;1.184601795;-0.578938948;-1.024529308;0.144327394;4.25;5
1;2.5;3.818181818;3.4;4.235294118;2;0.878035128;-1.137936701;-1.842811698;0.390459112;6;5.11111111111111
1;4.5;3.181818182;1.2;5.411764706;2;0.17083688;0.61268974;-0.64583258;1.912001605;2.875;4.77777777777778
1;4.2;4.090909091;1.5;4.352941176;2;-0.019545396;-0.486087049;0.073845247;1.969649475;3.375;2.22222222222222
0;2.1;3.090909091;1.3;4.058823529;2;-0.537279358;-1.115804912;0.208506554;-2.124273487;6;6
0;3.2;3.454545455;2.1;3.470588235;2;0.456469344;-1.394198635;0.066847832;-0.634641951;5.25;6
0;NA;3;3.2;4.176470588;3;0.288004578;1.982053403;0.559686088;-1.002462101;6;5.44444444444444
NA;1.1;2;1.1;2.529411765;2;-0.564510811;0.90195412;-0.528523282;0.296054389;2;2
1;4.7;3.636363636;4.2;5.588235294;3;0.419703491;-0.386134358;-1.290464202;0.782273473;0.5;4.33333333333333
1;1.7;3.272727273;1;4.470588235;1;-0.112625449;-0.784379174;0.248297786;-0.929993842;4.75;4.66666666666667
1;3;3.636363636;3;5.235294118;2;0.575471374;-1.05230347;1.131740736;0.028288734;4.5;5.55555555555556
0;2.3;3;1.1;4.588235294;2;-1.264204455;-0.525276607;0.013671584;-0.506320356;5.375;5.22222222222222
1;3.2;3.454545455;3.7;4.647058824;2;-1.148167;0.66103538;-0.82761501;0.345211653;5.75;4.44444444444444
1;3.8;2.909090909;2.3;1.588235294;2;-0.001635584;0.106814523;-1.847303212;0.789730854;2.875;2.33333333333333
1;2.3;3.545454545;1.4;3;2;-0.443431895;-0.468282299;0.883087371;-1.115870181;5.375;5.44444444444444
1;4.4;3;1.8;5.705882353;3;1.100210895;0.541055281;0.427968334;-0.135403755;2.5;NA
1;1.6;2.454545455;1.1;5.058823529;2;-0.91020668;1.724953581;0.422603136;1.735352342;5.75;5.22222222222222
0;1.5;1.909090909;1.8;5.470588235;3;0.225368271;-1.127292883;0.341887777;-1.641229767;6;NA
0;2.9;3.272727273;1.9;5.235294118;3;-1.097614827;-0.041370207;0.867288902;-0.985525464;6;5.55555555555556
0;2.1;2.636363636;1.2;4.529411765;3;-0.313732189;-0.446852456;-0.22946268;-0.189858009;3.125;5
1;3.4;2.818181818;2.2;3.823529412;2;-0.11358261;-0.61561567;-0.077725542;-1.199048665;3.75;4
1;4.6;4.363636364;4.4;2.470588235;1;-1.361149609;-0.618653018;-0.164300795;-1.353019341;0.875;NA
1;3.4;3.545454545;3.8;2.588235294;2;-0.894493757;-1.097604268;-2.212512854;0.092070599;6;3
0;2.2;2.545454545;1.2;5.117647059;2;-0.920829662;-1.181713957;-1.317132328;-0.274354639;5.125;5.55555555555556
0;2.6;3.545454545;2.8;5.058823529;2;1.431748056;-1.106209503;1.662482394;1.99205521;3.25;2.33333333333333
1;4.4;4.181818182;3.4;3.117647059;3;-0.50453695;-1.540466918;0.643840533;-0.681061867;3.25;2.11111111111111
1;3.2;4;4.2;4.882352941;2;-0.470298445;-0.246196214;-0.96743496;-1.115670082;3.75;2.88888888888889
1;3.2;2.181818182;1.9;5.411764706;1;-1.079743118;1.580403862;0.656012942;1.323795228;1.25;1.44444444444444
0;3.7;3.454545455;2.6;3.352941176;2;1.515757444;-0.458703816;0.697063681;-1.479053446;6;5.11111111111111
0;NA;3.909090909;1.5;2.882352941;2;-0.200624074;0.630755134;-0.538192116;0.310356916;5.25;4.22222222222222
1;3.5;3.272727273;1.2;2.823529412;2;0.035438691;-0.591670794;0.891899931;0.146773394;2;3.33333333333333
1;3.5;3.818181818;1.3;3.411764706;2;-0.640498135;-0.745225359;1.092350166;0.279617679;2.375;2.88888888888889
1;3.6;3.545454545;4.7;3.470588235;2;-0.557804105;-0.671166913;-0.496446429;-0.87724305;5;3.33333333333333
0;2.1;2.272727273;1.8;4.882352941;3;-1.247946333;-1.235696001;-1.078211466;-0.696270836;3.875;4.11111111111111
1;3.1;3.181818182;1.8;2.823529412;2;1.650071714;1.456433697;1.125022418;-0.232094486;2.5;2.11111111111111
1;3.4;3.636363636;2.1;1.470588235;1;-0.03507283;1.259124266;-0.456215545;-0.600482697;3.5;2.66666666666667
0;3.6;2.363636364;3.6;3.941176471;3;-0.978963483;-1.088034121;-0.919845385;2.048337217;1.375;2.55555555555556
1;1.6;2.454545455;1.8;1;1;-0.685100473;-0.017760158;-2.250374205;0.283503606;3.625;2.22222222222222
1;3.4;3.454545455;1;4.176470588;2;-0.250620477;-0.594703824;-1.415075889;-1.396254041;4.875;3.55555555555556
1;3.5;2.545454545;3.6;2.529411765;1;0.537013854;-0.851562215;-2.090005897;1.084995645;1.625;0.666666666666667
1;4.5;4;3.3;0.882352941;1;0.358741239;-0.674209727;-1.049669811;0.198186005;1.5;1.33333333333333
0;1.8;3.272727273;1.6;5.470588235;3;-0.983656587;0.733207506;0.225018251;-0.831476395;5.25;3.88888888888889
0;3.4;3.454545455;2.6;5.294117647;3;1.45669753;-1.036414736;0.71018081;-0.273618143;2.75;6
0;1.3;2.636363636;1;5.705882353;3;-1.146394668;-0.97997387;0.667251037;0.758716877;6;6
1;3.3;3.818181818;3.9;1.176470588;3;0.048899101;-0.810648866;-1.743199018;-0.324489765;3.625;0.111111111111111
0;1.4;2.090909091;1;5.529411765;3;1.35391862;-0.709094314;-0.554539059;-0.604428732;5.875;5.88888888888889
1;4;3.818181818;3.9;4.764705882;2;-0.444607548;1.825632528;-0.094964632;0.231781855;4;3.88888888888889
1;2.7;2.545454545;2.1;3.823529412;2;-1.678566718;1.488613693;0.449432705;0.878012655;5.25;3.33333333333333
1;1.8;1.909090909;1.1;5.411764706;3;-1.221074226;-0.971907382;-0.993232082;0.391466469;5;6
1;4.8;4.454545455;1.3;4.882352941;2;-0.138541819;-0.089041538;1.060581916;-0.945673456;3.625;2.66666666666667
0;3.2;3.727272727;1.5;2.235294118;1;-0.014708774;-0.60125819;-2.137936817;0.960454444;3.25;2.11111111111111
1;2.4;3.636363636;2.4;3.470588235;2;-1.110530446;-0.728079323;0.58536589;0.567897607;1.125;2.33333333333333
1;2.8;2.636363636;2;4.764705882;2;-0.592875993;0.055814032;-0.822631678;-1.291042549;6;6
0;4.1;3.727272727;1.4;3.941176471;3;0.548253796;-1.159040301;0.961746997;-1.119721277;2.875;2.77777777777778
0;2.5;2;2.3;4.941176471;3;1.390310518;-0.339665498;-2.462765301;-1.14525892;4.875;5.44444444444444
1;3;3.090909091;3.5;3.823529412;2;-0.33960565;-0.479558657;-1.056369841;0.440335818;NA;3.33333333333333
1;3.2;2.909090909;3.2;5.470588235;3;-1.46299122;0.201934116;-0.39303928;0.714737254;3.875;4.22222222222222
NA;2.3;3.272727273;2.3;2.941176471;1;-0.004508548;1.319524599;0.346132266;0.601630932;4.625;3.55555555555556
0;2.6;3.454545455;1.6;3.705882353;2;-0.342324336;-0.530837355;0.588453426;-0.989975149;6;3.11111111111111
0;3.1;4.272727273;2;2.588235294;2;-0.785455198;-0.751781366;0.871485881;-0.002643375;2.375;3
1;3.9;4.363636364;3.1;1.176470588;1;-1.090413796;1.018949143;-0.309162143;1.162476248;2.625;0.111111111111111
0;1.9;2.909090909;1.1;5.176470588;3;-0.409320275;-0.044764634;0.267158606;-1.561791305;6;6
0;1.7;2.727272727;1.2;5.470588235;3;1.423091156;-0.115164674;-0.594341958;0.19870964;5.625;6
0;2.3;2.727272727;2.4;NA;3;0.888402167;-0.707687567;-1.124807943;0.304075764;6;6
0;1.8;2.909090909;2.3;4.176470588;2;-1.177256627;0.89795176;0.63875093;0.423660224;5.375;4.88888888888889
0;1.5;1.818181818;1;5.117647059;3;-1.309722576;1.445684796;-0.004169234;0.260166919;5.5;5.55555555555556
1;4.2;4;3.9;3.411764706;2;-1.055405222;0.152235197;1.424053589;-1.212577237;2;2.55555555555556
1;3.4;3.727272727;2.2;4.882352941;2;-1.18717233;-0.864872009;-1.170419034;0.053778538;4;4.44444444444444
0;2.6;3;2;5.176470588;3;0.853595953;1.045564974;-0.56588552;-0.196062942;4.5;4.77777777777778
1;3.9;4;2.3;2.352941176;2;-1.314773004;0.139479844;-0.055624103;0.511524102;4;1.66666666666667
NA;3.9;3.636363636;2.5;4.470588235;3;-1.206847847;0.952093675;1.052255215;1.948071758;0.25;1.66666666666667
1;2.8;4.636363636;1.3;2.294117647;2;-0.879831291;1.020372283;1.804254927;0.021475237;6;3.44444444444444
1;3.2;3.818181818;2;5.058823529;2;0.033583525;-0.75748593;0.980119127;0.090322873;6;6
1;3.6;4.181818182;2.2;3.294117647;2;0.006215349;-1.094485589;-0.084478521;0.150276625;3.875;3.33333333333333
0;2.7;2.545454545;2;5.058823529;3;1.545786722;-0.999169085;-0.359514311;-0.64936046;4.125;5.11111111111111
0;2.7;3;1.2;3.294117647;2;-0.234729218;-0.277463183;-1.800503245;1.294732589;4.25;3.88888888888889
0;1.8;3;1.9;4.882352941;3;0.379514589;1.851187666;0.743747482;-0.156307353;5.75;6
0;3.4;3.454545455;3.1;3.294117647;2;-0.947537753;0.294505399;-0.973515296;0.112145971;3.625;2
0;2.3;3.909090909;2;4;3;0.448496759;-0.888555137;0.968974663;-1.037106741;5.5;6
NA;5.1;3.363636364;1.8;5.117647059;2;-0.59150408;2.068947867;-0.29824974;0.215840643;0.875;1.55555555555556
0;4;4;2.9;4.647058824;2;0.370499328;-1.124295328;0.860942503;0.00552042;1.375;3.77777777777778
1;4.4;4.636363636;4.9;4.176470588;2;1.54343882;-0.579437076;0.611208466;2.255512987;4.125;3.22222222222222
1;3.9;4.454545455;3;0;1;-1.130981269;0.734829848;0.402321519;-1.015245064;1.25;0
0;2.3;2.727272727;2.5;3;2;1.239908311;-0.729001082;0.902165515;1.597736825;4.5;4
0;3;2.363636364;2.3;3.941176471;2;-0.776519699;1.966594979;0.447959989;-0.709682948;3.75;3
0;1.8;NA;1;5.529411765;3;0.623877289;-0.811883996;1.421608207;-1.002451924;6;6
1;4.8;4.363636364;3;5.117647059;2;-0.702518367;-0.260999811;-1.475397436;-0.657797674;2.5;3.55555555555556
1;5.2;4.636363636;4.8;2.235294118;1;1.410328263;-0.710272474;-0.690604162;0.601721439;2.875;0
1;3.5;4.090909091;1.6;2.411764706;2;-0.53395852;2.153230545;-0.082189396;0.346427361;4.75;1.66666666666667
0;1.7;2.818181818;1.6;4.235294118;3;-0.992758368;-0.197016459;0.166391135;-0.096597868;5.125;5.88888888888889
0;2.8;3.181818182;2.4;5.411764706;2;2.280134533;-1.53105528;-0.993462713;-0.521169509;5.5;3.77777777777778
0;2.7;2.909090909;2.7;5.647058824;3;1.144132669;1.095556944;-1.265874101;0.10965822;4.75;5.55555555555556
0;1.4;3.545454545;1.1;5.058823529;3;2.109676101;-0.376951104;0.32971623;-0.566649393;6;6
1;4;3.909090909;NA;2.411764706;1;1.782336449;1.955602304;-0.111377668;0.640580779;2.375;NA
1;3.4;4.181818182;2.7;4.058823529;1;-1.223969141;-0.754911144;1.156065693;0.0313079;1.75;0.777777777777778
0;3;3.454545455;2.2;4.764705882;3;1.582017847;-0.515840873;0.424411847;0.80645132;5.75;5.88888888888889
0;1.9;3.090909091;3.5;4.764705882;3;-0.36507278;-0.412061155;0.689901303;1.130227441;6;6
NA;NA;3.727272727;1.6;3.352941176;1;-0.621808103;1.465486426;-0.367921617;0.207549733;6;2.88888888888889
0;2.6;3.454545455;1.4;5.470588235;3;0.799542399;-1.354368298;0.923026814;-1.587730101;5.25;5.33333333333333
0;3.2;3.090909091;2.4;5;2;2.01831719;1.778406514;0.211054781;0.060887004;4.625;2.66666666666667
0;2.5;2.545454545;2.2;3.647058824;3;-0.201499249;-0.390603966;-1.260916276;-0.794135673;5.375;5.11111111111111
0;2.8;3.363636364;2.5;4.647058824;3;0.718777871;-0.892129043;-0.023955864;0.092459409;6;4.44444444444444
1;2.6;3.545454545;4;4.705882353;3;2.669661844;-0.759683179;-0.804803106;-0.596471426;6;6
0;4.5;4.181818182;3;2.823529412;2;0.578121785;-0.85088373;0.993522119;1.295998952;4;3
1;1.8;2.272727273;1.1;4.294117647;2;0.557328738;2.020796052;0.605274937;0.78571676;5.75;4.11111111111111
1;4.9;4.636363636;2.3;3.352941176;2;-1.60729165;-1.267583099;1.07120908;0.942364951;4.375;2.33333333333333
1;1.1;3.636363636;1.3;5.529411765;2;0.956919508;-0.552038267;0.587241316;-0.292258495;6;6
1;1.9;1.727272727;1.2;3.235294118;1;-1.153095453;1.313265629;1.089182915;-0.287761144;1;1
0;3.5;3.272727273;2;3.823529412;2;1.156445079;0.127167565;-0.607281189;-0.417824604;4.125;4.55555555555556
1;4.2;3.727272727;2.3;2.117647059;2;-1.122838536;-1.045443955;-1.742806091;0.350135901;0.125;0
1;2.5;3.272727273;2.2;2.294117647;2;0.145970018;1.250496103;-1.009566906;-0.506745085;5;2.22222222222222
0;2.6;2.727272727;1.7;3.705882353;3;0.352150122;-0.868942945;0.895768511;0.092426937;6;6
0;3;3.090909091;2;5.294117647;3;3.150675642;-0.674569938;0.20967965;-0.574463809;5;5.88888888888889
1;4.9;4.090909091;4.3;4.941176471;2;-0.285646625;-0.379526946;1.253284224;1.187301497;1.125;0.666666666666667
1;4.2;3.454545455;4;3;2;-1.271007123;1.444618534;0.221640504;-0.084647975;2.5;2.44444444444444
1;3.8;2.818181818;1.6;3.470588235;2;-0.997088024;1.878459895;0.69200273;1.193407607;4.125;4.33333333333333
0;2.3;2.545454545;1.9;3.294117647;2;-0.254225137;0.981480845;-0.018225505;-0.517536077;4;3.66666666666667
1;2.4;4;1.3;4.764705882;2;-0.305221256;-0.389536337;-1.588167146;0.073362941;5.875;5.55555555555556
NA;4;3.909090909;2.5;2.588235294;1;1.834624704;0.156021889;-0.107652099;0.824323767;2;3.55555555555556
0;2.8;3;1;5.470588235;3;-0.918091004;-1.11709837;0.235882117;-0.573025631;5.75;4.88888888888889
0;3.6;3.636363636;2.2;NA;3;-0.64131473;0.448381904;-0.358409563;-0.858441427;3.125;3.88888888888889
NA;3.2;3.727272727;4.2;2.352941176;1;-0.28002866;-0.339534915;-0.160362412;-0.728402791;1.625;1.55555555555556
0;1.9;2.272727273;1.3;5.176470588;2;1.625183429;-0.547412546;0.509548201;-0.845433684;3.125;4.11111111111111
NA;1.2;2.272727273;1;5.529411765;2;-1.33758774;-0.08318326;-1.562250674;-0.630113607;5.125;6
0;3.4;3.090909091;2.4;2.294117647;2;-0.969409704;0.961138689;0.10143651;-1.007846137;2.375;1.77777777777778
0;3;3.454545455;2.2;4.588235294;2;0.326023669;-0.442277748;-2.365905895;-0.508602842;5.125;5.33333333333333
0;2.4;2.636363636;2.8;5.294117647;3;-0.329709128;0.273155374;-0.361451075;0.289843535;5.125;3.44444444444444
0;3.6;3.818181818;2.1;4.941176471;3;0.692233488;-1.195592415;-0.15622091;-0.129230354;5;5.22222222222222
0;2.3;2.727272727;2.1;5.176470588;2;1.33934662;-0.383935073;0.980574011;-1.433854269;6;5.22222222222222
1;3.4;4.727272727;2.2;3.470588235;1;-1.175878804;0.432750222;0.021649637;1.216727333;3.125;0
0;1.5;2;1;5.411764706;3;1.892756352;-0.864455487;0.335499693;-1.291611001;6;NA
1;3.7;2.727272727;2.1;4.470588235;3;2.645298842;-1.213666412;-1.868444986;0.430511291;2;3.11111111111111
1;2.5;2.909090909;1;4.941176471;2;-1.038446502;-0.324279082;-0.327434293;0.979354459;3.875;4.77777777777778
1;1.7;2;1.1;5.647058824;2;1.467494315;0.143490119;-0.449150979;-0.471472341;6;5.11111111111111
0;2.5;3.181818182;2.8;3.058823529;3;0.545361217;-0.389077366;-2.66864076;1.0149869;5;4.22222222222222
NA;2.1;2.454545455;1.3;4.764705882;2;0.521654512;0.739621255;-0.967181101;-0.336110132;5.375;5.22222222222222
0;2.8;2.545454545;1.8;5.882352941;3;-1.345796063;0.959201539;0.097782473;-1.06143431;NA;4.77777777777778
1;3.7;3.545454545;1.5;5.176470588;2;0.116537643;-0.663895355;0.613261503;-0.964773478;2.625;2.77777777777778
0;2.9;3.272727273;1.4;3.941176471;2;-0.833868255;-1.077286901;1.074122439;0.686016357;4.625;4.77777777777778
0;3;3.454545455;2.2;4.588235294;2;-0.309881313;0.969416956;-0.189601513;-0.450288548;3.625;3.44444444444444
0;2.2;3.272727273;1.3;3.470588235;2;-1.210048096;-1.713481412;-2.634394577;-0.961651303;4.5;3.33333333333333
0;2.9;3.363636364;1.2;4.529411765;2;-0.043317754;-1.175770254;-1.223294011;-0.388664082;4.75;4.33333333333333
0;3.4;2.818181818;1;4.294117647;2;0.938060386;-1.077533693;0.107247328;-0.833212901;4.625;5.44444444444444
0;2.7;3.181818182;2;5.647058824;3;-1.08145352;0.390113584;0.450290409;-0.049376717;5.375;5.77777777777778
